 
su_cost	sd_cost	prod_cost	cr⁺	cr⁻	𝜟pd	𝜟pw
6700.0	6090.0	74529.13974094689	0.23237177591851663	0.23237175419566652	3.885780586188048e-17	2.2204460492503132e-17
 
list 1: units stutup/down states
1.0	1.0	1.0	1.0	1.0	1.0	1.0	0.0	0.0	0.0	0.0	0.0	0.0	0.0	0.0	0.0	0.0	-0.0	1.0	1.0	1.0	1.0	1.0	1.0	1.0	1.0	1.0	1.0	1.0	1.0	1.0	0.0	-0.0	-0.0	-0.0	-0.0	-0.0	0.0	0.0	-0.0	-0.0	-0.0	1.0	1.0	1.0	1.0	1.0	1.0	1.0	1.0	1.0	1.0	1.0	1.0	1.0	1.0	1.0	0.0	0.0	0.0	0.0	0.0	0.0	0.0	-0.0	-0.0	1.0	1.0	1.0	1.0	1.0	1.0	1.0	1.0	1.0	1.0	1.0	1.0	1.0	1.0	1.0	-0.0	-0.0	0.0	0.0	0.0	0.0	0.0	0.0	1.0	1.0	1.0	1.0	1.0	1.0	1.0	1.0	1.0	1.0	1.0	1.0	1.0	1.0	1.0	0.0	0.0	0.0	0.0	0.0	0.0	0.0	0.0	0.0	0.0	1.0	1.0	1.0	1.0	1.0	1.0	1.0	1.0	1.0	1.0	1.0	1.0	1.0	1.0	0.0	0.0	0.0	0.0	0.0	0.0	0.0	0.0	0.0	0.0	1.0	1.0	1.0	1.0	1.0	1.0	1.0	1.0	1.0	1.0	1.0	1.0	1.0	0.0	0.0	0.0	0.0	0.0	0.0	0.0	0.0	0.0	0.0	0.0	1.0	1.0	1.0	1.0	1.0	1.0
-0.0	-0.0	-0.0	-0.0	-0.0	0.0	1.0	1.0	1.0	1.0	1.0	1.0	1.0	1.0	1.0	1.0	1.0	1.0	1.0	1.0	1.0	1.0	1.0	1.0	1.0	1.0	1.0	1.0	1.0	1.0	1.0	1.0	1.0	1.0	1.0	1.0	1.0	1.0	1.0	1.0	1.0	1.0	1.0	1.0	1.0	1.0	1.0	1.0	1.0	1.0	1.0	1.0	1.0	1.0	1.0	1.0	1.0	1.0	1.0	1.0	1.0	1.0	1.0	1.0	1.0	1.0	1.0	1.0	1.0	1.0	1.0	1.0	1.0	1.0	1.0	1.0	1.0	1.0	1.0	1.0	1.0	1.0	1.0	1.0	0.0	0.0	0.0	1.0	1.0	1.0	1.0	1.0	1.0	1.0	1.0	1.0	1.0	1.0	1.0	1.0	1.0	1.0	1.0	1.0	1.0	1.0	1.0	1.0	1.0	1.0	1.0	1.0	1.0	1.0	1.0	1.0	1.0	1.0	1.0	1.0	1.0	1.0	1.0	1.0	1.0	1.0	1.0	1.0	1.0	1.0	1.0	1.0	1.0	1.0	1.0	1.0	1.0	1.0	1.0	1.0	1.0	1.0	1.0	1.0	1.0	1.0	1.0	1.0	1.0	1.0	1.0	1.0	1.0	1.0	1.0	1.0	1.0	1.0	1.0	1.0	1.0	1.0	1.0	1.0	1.0	1.0	1.0	1.0
-0.0	-0.0	-0.0	-0.0	-0.0	-0.0	0.0	0.0	0.0	0.0	0.0	-0.0	-0.0	-0.0	0.0	0.0	0.0	0.0	-0.0	-0.0	-0.0	0.0	0.0	0.0	0.0	0.0	-0.0	-0.0	-0.0	-0.0	-0.0	-0.0	-0.0	-0.0	0.0	0.0	0.0	0.0	0.0	0.0	0.0	0.0	-0.0	-0.0	0.0	0.0	0.0	-0.0	-0.0	-0.0	-0.0	-0.0	0.0	0.0	0.0	-0.0	-0.0	-0.0	-0.0	0.0	0.0	0.0	0.0	-0.0	-0.0	0.0	0.0	-0.0	0.0	0.0	0.0	0.0	-0.0	-0.0	0.0	0.0	-0.0	-0.0	0.0	0.0	0.0	0.0	0.0	0.0	0.0	0.0	0.0	0.0	0.0	0.0	0.0	0.0	0.0	0.0	0.0	0.0	0.0	0.0	0.0	0.0	0.0	0.0	0.0	0.0	0.0	0.0	0.0	0.0	0.0	0.0	0.0	0.0	0.0	0.0	0.0	0.0	0.0	0.0	0.0	0.0	0.0	0.0	0.0	0.0	0.0	0.0	0.0	0.0	0.0	0.0	0.0	0.0	0.0	0.0	0.0	0.0	0.0	1.0	1.0	0.0	0.0	0.0	0.0	0.0	0.0	0.0	0.0	0.0	0.0	0.0	0.0	0.0	0.0	0.0	0.0	0.0	0.0	0.0	0.0	0.0	0.0	0.0	0.0	0.0	0.0	0.0	0.0	0.0
-0.0	-0.0	-0.0	-0.0	-0.0	-0.0	0.0	0.0	-0.0	-0.0	-0.0	-0.0	-0.0	-0.0	0.0	0.0	0.0	1.0	1.0	0.0	0.0	0.0	0.0	-0.0	-0.0	-0.0	-0.0	0.0	0.0	0.0	0.0	-0.0	-0.0	-0.0	-0.0	-0.0	0.0	-0.0	-0.0	-0.0	1.0	1.0	0.0	0.0	0.0	0.0	0.0	0.0	0.0	-0.0	-0.0	-0.0	-0.0	0.0	0.0	0.0	0.0	0.0	-0.0	-0.0	-0.0	-0.0	-0.0	-0.0	-0.0	0.0	0.0	0.0	0.0	0.0	0.0	0.0	0.0	0.0	0.0	0.0	0.0	0.0	0.0	0.0	0.0	0.0	0.0	0.0	0.0	0.0	0.0	0.0	0.0	0.0	0.0	0.0	0.0	0.0	0.0	0.0	0.0	0.0	0.0	0.0	0.0	0.0	0.0	0.0	0.0	0.0	0.0	0.0	0.0	0.0	0.0	0.0	0.0	1.0	1.0	0.0	0.0	0.0	0.0	0.0	0.0	0.0	0.0	0.0	0.0	0.0	0.0	0.0	0.0	0.0	0.0	0.0	0.0	0.0	0.0	0.0	0.0	0.0	0.0	0.0	0.0	0.0	0.0	0.0	0.0	0.0	0.0	0.0	0.0	0.0	0.0	0.0	0.0	0.0	0.0	0.0	0.0	0.0	0.0	0.0	0.0	0.0	0.0	0.0	0.0	0.0	0.0	0.0
0.0	0.0	0.0	0.0	0.0	0.0	0.0	0.0	0.0	0.0	0.0	-0.0	-0.0	-0.0	-0.0	-0.0	-0.0	0.0	0.0	0.0	0.0	0.0	-0.0	-0.0	0.0	0.0	0.0	0.0	0.0	-0.0	-0.0	0.0	0.0	-0.0	0.0	0.0	0.0	0.0	0.0	-0.0	1.0	1.0	1.0	0.0	0.0	-0.0	-0.0	-0.0	-0.0	-0.0	0.0	0.0	0.0	-0.0	-0.0	-0.0	-0.0	0.0	0.0	-0.0	0.0	0.0	0.0	0.0	0.0	1.0	1.0	0.0	0.0	0.0	0.0	0.0	-0.0	0.0	0.0	-0.0	-0.0	-0.0	-0.0	-0.0	0.0	0.0	1.0	1.0	1.0	1.0	1.0	1.0	0.0	0.0	0.0	0.0	0.0	0.0	0.0	0.0	0.0	0.0	0.0	0.0	0.0	0.0	0.0	0.0	0.0	0.0	0.0	0.0	0.0	0.0	0.0	0.0	0.0	0.0	0.0	0.0	0.0	0.0	0.0	0.0	0.0	0.0	0.0	0.0	0.0	0.0	0.0	0.0	0.0	0.0	0.0	0.0	0.0	0.0	0.0	0.0	0.0	0.0	0.0	0.0	0.0	0.0	0.0	0.0	0.0	0.0	0.0	0.0	0.0	0.0	0.0	0.0	0.0	0.0	0.0	0.0	0.0	0.0	0.0	0.0	0.0	1.0	1.0	1.0	1.0	1.0	1.0	1.0
 
list 2: units dispatching power in scenario NO.1
1.6969902490122912	1.856120061169387	1.8493068413558802	1.8708252719425573	1.8925309991899195	1.8955514779765346	0.9	0.0	0.0	0.0	0.0	0.0	0.0	0.0	0.0	0.0	0.0	0.0	1.6130032871737883	1.7734999999883063	1.8331004669476683	2.2	2.2	1.887499999988306	1.5918999999883061	1.7534999999883065	1.7466999999883064	1.7672999999883066	1.7905999999883064	1.5025741664317358	0.8999999999999997	0.0	0.0	0.0	0.0	0.0	0.0	0.0	0.0	0.0	0.0	0.0	1.6055870320587902	1.773499999988306	1.833099999988307	2.2	2.2	1.8902250448746414	1.6222114304830055	1.759542251972726	1.747342366695647	1.7674751656216712	1.7906883415224462	1.8057578436420663	1.6684477882234532	1.415560782818733	0.8999999999999999	0.0	0.0	0.0	0.0	0.0	0.0	0.0	0.0	0.0	1.5900328784362552	1.7735004669476684	1.833099999988307	2.2	2.2	1.8875001837692944	1.591925587765604	1.7535319282096924	1.74680024009966	1.7681861596268909	1.8240307749957005	1.9702274362924281	2.129191649003493	1.6011076187863722	0.9000000000000019	0.0	0.0	0.0	0.0	0.0	0.0	0.0	0.0	1.0205293486445401	1.831330941764815	1.8266006678834346	1.9543747792314337	2.2	2.2	2.101746238264712	1.8042714387349577	1.910876753779187	1.8706976907681905	1.9231721909839896	2.043767518719225	2.123108407344765	1.9834810121345394	0.9	0.0	0.0	0.0	0.0	0.0	0.0	0.0	0.0	0.0	0.0	1.5930585601611382	1.773499999988306	1.8330999999883066	2.2	2.2	1.887499999988306	1.5918999999883061	1.7534999999883065	1.746700476825465	1.767447710232171	1.7919708223782593	1.7871899067176038	1.5699387420636999	0.8999999999999999	0.0	0.0	0.0	0.0	0.0	0.0	0.0	0.0	0.0	0.0	1.5855441241230228	1.773499999988306	1.8330999999883066	2.2	2.2	1.887499999988306	1.5918999999883061	1.7534999999883065	1.7466999999883064	1.7673287443282502	1.7908023950102263	1.5394955824355607	0.8999999999999999	0.0	0.0	0.0	0.0	0.0	0.0	0.0	0.0	0.0	0.0	0.0	1.5830158289681386	1.6740452011905536	1.7334175809862575	2.131632088057433	2.1306442953827305	1.7877070118866698
0.0	0.0	0.0	0.0	0.0	0.0	0.809485275061835	0.6075894333887986	0.1036578597962432	0.10366134095572543	0.10427667035229761	0.10428312312339016	0.10426112464030135	0.1042228617874359	0.10424821479739235	0.10373235874128203	0.10334839092168349	0.49763263948594916	0.09999999999999976	0.09999999999999976	0.09999953554063847	0.13139999998830643	0.1304999999883062	0.1	0.1	0.1	0.1	0.09999999999999976	0.09999999999999976	0.39031788590080235	0.7903178859008037	0.6766356296432817	0.10364629845226636	0.10365987398735976	0.10427029836743917	0.10428024097357091	0.10426475000001079	0.1042254426857433	0.10424488494579166	0.10371986878842387	0.4532698559103645	0.6777524556153528	0.1	0.1	0.09999999999999976	0.1314289057574971	0.13077721622410987	0.09999999999999976	0.1	0.1	0.09999999999999976	0.1	0.1	0.1	0.1	0.1	0.39405751197814554	0.5667562650405725	0.5498748817682108	0.10422094752279376	0.10418608500847915	0.29393231760774946	0.10423382547357396	0.10372176514719889	0.10332932329822853	0.4364041152519273	0.09999999999999976	0.0999995355406378	0.09999999999999976	0.13139999998830643	0.1304999999883063	0.09999999999999976	0.09999999999999976	0.1	0.1	0.1	0.1	0.09999999999999976	0.12952915604932713	0.5295291560493279	0.9295291560493288	0.10360884230646739	0.4626317401162796	0.1	0.0	0.0	0.0	0.41222958504947316	0.10334647640460161	0.1	0.1	0.1	0.1	0.3219402441747139	0.3058405009630887	0.1	0.09999999999999976	0.1	0.1	0.09999999999999976	0.1	0.09999999999999976	0.10000000000000009	0.11463478018083506	0.1036436840020134	0.10364592910263795	0.10426045047300418	0.10426946459184998	0.10424962303875829	0.10420946608652853	0.1042356124356113	0.1037276367245813	0.10334748661951516	0.4793098869925563	0.1	0.1	0.09999999999999976	0.13139999998830634	0.1304999999883063	0.1	0.09999999999999976	0.10000000000000009	0.1	0.1	0.1	0.1	0.1	0.39908311256749807	0.2826261515030546	0.10365738337323194	0.10426979394313107	0.10427570152578636	0.1042586429866168	0.10422185404538642	0.10424719931668358	0.10373268627930177	0.10334895593628035	0.45799762503310704	0.1	0.10000000000000009	0.10000000000000009	0.13139999998830643	0.1304999999883063	0.1	0.1	0.1	0.10000000000000009	0.1	0.1	0.3417410306071691	0.7417410306071691	0.5439610689779982	0.10365614212325026	0.10365260445482893	0.10426471712979468	0.10427072720996955	0.10424851121142731	0.10420891452913106	0.10423324544893259	0.10372022193660775	0.10334357066786459	0.500720876416259	0.1	0.1	0.1	0.1	0.1	0.1
0.0	0.0	0.0	0.0	0.0	0.0	0.0	0.0	0.0	0.0	0.0	0.0	0.0	0.0	0.0	0.0	0.0	0.0	0.0	0.0	0.0	0.0	0.0	0.0	0.0	0.0	0.0	0.0	0.0	0.0	0.0	0.0	0.0	0.0	0.0	0.0	0.0	0.0	0.0	0.0	0.0	0.0	0.0	0.0	0.0	0.0	0.0	0.0	0.0	0.0	0.0	0.0	0.0	0.0	0.0	0.0	0.0	0.0	0.0	0.0	0.0	0.0	0.0	0.0	0.0	0.0	0.0	0.0	0.0	0.0	0.0	0.0	0.0	0.0	0.0	0.0	0.0	0.0	0.0	0.0	0.0	0.0	0.0	0.0	0.0	0.0	0.0	0.0	0.0	0.0	0.0	0.0	0.0	0.0	0.0	0.0	0.0	0.0	0.0	0.0	0.0	0.0	0.0	0.0	0.0	0.0	0.0	0.0	0.0	0.0	0.0	0.0	0.0	0.0	0.0	0.0	0.0	0.0	0.0	0.0	0.0	0.0	0.0	0.0	0.0	0.0	0.0	0.0	0.0	0.0	0.0	0.0	0.0	0.0	0.0	0.0	0.0	0.1999999999999999	0.1	0.0	0.0	0.0	0.0	0.0	0.0	0.0	0.0	0.0	0.0	0.0	0.0	0.0	0.0	0.0	0.0	0.0	0.0	0.0	0.0	0.0	0.0	0.0	0.0	0.0	0.0	0.0	0.0	0.0
0.0	0.0	0.0	0.0	0.0	0.0	0.0	0.0	0.0	0.0	0.0	0.0	0.0	0.0	0.0	0.0	0.0	0.19999999999999998	0.1	0.0	0.0	0.0	0.0	0.0	0.0	0.0	0.0	0.0	0.0	0.0	0.0	0.0	0.0	0.0	0.0	0.0	0.0	0.0	0.0	0.0	0.19999999999999998	0.1000000000000002	0.0	0.0	0.0	0.0	0.0	0.0	0.0	0.0	0.0	0.0	0.0	0.0	0.0	0.0	0.0	0.0	0.0	0.0	0.0	0.0	0.0	0.0	0.0	0.0	0.0	0.0	0.0	0.0	0.0	0.0	0.0	0.0	0.0	0.0	0.0	0.0	0.0	0.0	0.0	0.0	0.0	0.0	0.0	0.0	0.0	0.0	0.0	0.0	0.0	0.0	0.0	0.0	0.0	0.0	0.0	0.0	0.0	0.0	0.0	0.0	0.0	0.0	0.0	0.0	0.0	0.0	0.0	0.0	0.0	0.0	0.0	0.19999999999999998	0.1	0.0	0.0	0.0	0.0	0.0	0.0	0.0	0.0	0.0	0.0	0.0	0.0	0.0	0.0	0.0	0.0	0.0	0.0	0.0	0.0	0.0	0.0	0.0	0.0	0.0	0.0	0.0	0.0	0.0	0.0	0.0	0.0	0.0	0.0	0.0	0.0	0.0	0.0	0.0	0.0	0.0	0.0	0.0	0.0	0.0	0.0	0.0	0.0	0.0	0.0	0.0	0.0	0.0
0.0	0.0	0.0	0.0	0.0	0.0	0.0	0.0	0.0	0.0	0.0	0.0	0.0	0.0	0.0	0.0	0.0	0.0	0.0	0.0	0.0	0.0	0.0	0.0	0.0	0.0	0.0	0.0	0.0	0.0	0.0	0.0	0.0	0.0	0.0	0.0	0.0	0.0	0.0	0.0	0.19999999999999998	0.19999999999999998	0.10000000000000009	0.0	0.0	0.0	0.0	0.0	0.0	0.0	0.0	0.0	0.0	0.0	0.0	0.0	0.0	0.0	0.0	0.0	0.0	0.0	0.0	0.0	0.0	0.2	0.10000000000000009	0.0	0.0	0.0	0.0	0.0	0.0	0.0	0.0	0.0	0.0	0.0	0.0	0.0	0.0	0.0	0.19999999999999998	0.10423475708700791	0.10424143385689079	0.1042142826498149	0.10423536053429883	0.1	0.0	0.0	0.0	0.0	0.0	0.0	0.0	0.0	0.0	0.0	0.0	0.0	0.0	0.0	0.0	0.0	0.0	0.0	0.0	0.0	0.0	0.0	0.0	0.0	0.0	0.0	0.0	0.0	0.0	0.0	0.0	0.0	0.0	0.0	0.0	0.0	0.0	0.0	0.0	0.0	0.0	0.0	0.0	0.0	0.0	0.0	0.0	0.0	0.0	0.0	0.0	0.0	0.0	0.0	0.0	0.0	0.0	0.0	0.0	0.0	0.0	0.0	0.0	0.0	0.0	0.0	0.0	0.0	0.0	0.0	0.0	0.0	0.0	0.19999999999999998	0.10000000000000017	0.1	0.1	0.1	0.1	0.10000000000000017
 
list 3: spolied wind power
0.0	0.0	0.0	0.0	0.0	0.0	0.0	0.0	0.0	0.0	0.0	0.0	0.0	0.0	0.0	0.0	0.0	0.0	0.0	0.0	0.0	0.0	0.0	0.0	0.0	0.0	0.0	0.0	0.0	0.0	0.0	0.0	0.0	0.0	0.0	0.0	0.0	0.0	0.0	0.0	0.0	0.0	0.0	0.0	0.0	0.0	0.0	0.0	0.0	0.0	0.0	0.0	0.0	0.0	0.0	0.0	0.0	0.0	0.0	0.0	0.0	0.0	0.0	0.0	0.0	0.0	0.0	0.0	0.0	0.0	0.0	0.0	0.0	0.0	0.0	0.0	0.0	0.0	0.0	0.0	0.0	0.0	0.0	0.0	0.0	0.0	0.0	0.0	0.0	0.0	0.0	0.0	0.0	0.0	0.0	0.0	1.1102230246251565e-16	0.0	0.0	0.0	0.0	0.0	0.0	0.0	0.0	0.0	0.0	0.0	0.0	0.0	0.0	0.0	0.0	0.0	0.0	0.0	0.0	0.0	0.0	0.0	0.0	0.0	0.0	0.0	0.0	0.0	0.0	0.0	0.0	0.0	0.0	0.0	0.0	0.0	0.0	0.0	0.0	0.0	0.0	0.0	0.0	0.0	0.0	0.0	0.0	0.0	0.0	0.0	0.0	0.0	0.0	0.0	0.0	0.0	0.0	0.0	0.0	0.0	0.0	0.0	0.0	0.0	-0.0	0.0	0.0	0.0	0.0	0.0
0.0	0.0	0.0	0.0	0.0	0.0	0.0	0.0	0.0	0.0	0.0	0.0	0.0	0.0	0.0	0.0	0.0	0.0	0.0	0.0	0.0	0.0	0.0	0.0	0.0	0.0	0.0	0.0	0.0	0.0	0.0	0.0	0.0	0.0	0.0	0.0	0.0	0.0	0.0	0.0	0.0	0.0	0.0	0.0	0.0	0.0	0.0	0.0	0.0	0.0	0.0	0.0	0.0	0.0	0.0	0.0	0.0	0.0	0.0	0.0	0.0	0.0	0.0	0.0	0.0	0.0	0.0	0.0	0.0	0.0	0.0	0.0	0.0	0.0	0.0	0.0	0.0	0.0	0.0	0.0	0.0	0.0	0.0	0.0	0.0	0.0	0.0	0.0	0.0	0.0	0.0	0.0	0.0	0.0	0.0	0.0	0.0	0.0	0.0	0.0	0.0	0.0	0.0	0.0	0.0	0.0	0.0	0.0	0.0	0.0	0.0	0.0	0.0	0.0	0.0	0.0	0.0	0.0	0.0	0.0	0.0	0.0	0.0	0.0	0.0	0.0	0.0	0.0	0.0	0.0	0.0	0.0	0.0	0.0	0.0	0.0	0.0	0.0	0.0	0.0	0.0	0.0	0.0	0.0	0.0	0.0	0.0	0.0	0.0	0.0	0.0	0.0	0.0	0.0	0.0	0.0	0.0	0.0	0.0	0.0	0.0	0.0	0.0	0.0	0.0	0.0	0.0	0.0
 
list 4: forced load curtailments
0.0	0.0	0.0	0.0	0.0	0.0	0.0	0.0	0.0	0.0	0.0	0.0	0.0	0.0	0.0	0.0	0.0	0.0	0.0	0.0	0.0	0.0	0.0	0.0	0.0	0.0	0.0	0.0	0.0	0.0	0.0	0.0	0.0	0.0	0.0	0.0	0.0	0.0	0.0	0.0	0.0	0.0	0.0	0.0	0.0	0.0	0.0	0.0	0.0	0.0	0.0	0.0	0.0	0.0	0.0	0.0	0.0	0.0	0.0	0.0	0.0	0.0	0.0	0.0	0.0	0.0	0.0	0.0	0.0	0.0	0.0	0.0	0.0	0.0	0.0	0.0	0.0	0.0	0.0	0.0	0.0	0.0	0.0	0.0	0.0	0.0	0.0	0.0	0.0	0.0	0.0	0.0	0.0	0.0	0.0	0.0	0.0	0.0	0.0	0.0	0.0	0.0	0.0	0.0	0.0	0.0	0.0	0.0	0.0	0.0	0.0	0.0	0.0	0.0	0.0	0.0	0.0	8.326672684688674e-17	0.0	0.0	0.0	0.0	0.0	0.0	0.0	0.0	0.0	0.0	0.0	0.0	0.0	0.0	0.0	0.0	0.0	0.0	0.0	0.0	0.0	0.0	0.0	0.0	0.0	0.0	0.0	0.0	0.0	0.0	0.0	0.0	0.0	1.1102230246251565e-16	0.0	0.0	0.0	0.0	0.0	0.0	0.0	0.0	0.0	0.0	0.0	0.0	0.0	0.0	0.0	0.0
0.0	0.0	0.0	0.0	0.0	0.0	0.0	0.0	0.0	0.0	0.0	0.0	0.0	0.0	0.0	0.0	0.0	0.0	0.0	0.0	0.0	0.0	0.0	0.0	0.0	0.0	0.0	0.0	0.0	0.0	0.0	0.0	0.0	0.0	0.0	0.0	0.0	0.0	0.0	0.0	0.0	0.0	0.0	0.0	0.0	0.0	0.0	0.0	0.0	0.0	0.0	0.0	0.0	0.0	0.0	0.0	0.0	0.0	0.0	0.0	0.0	0.0	0.0	0.0	0.0	0.0	0.0	0.0	0.0	0.0	0.0	0.0	0.0	0.0	0.0	0.0	0.0	0.0	0.0	0.0	0.0	0.0	0.0	0.0	0.0	0.0	0.0	0.0	0.0	0.0	0.0	0.0	0.0	0.0	0.0	0.0	0.0	0.0	0.0	0.0	0.0	0.0	0.0	0.0	0.0	0.0	0.0	0.0	0.0	0.0	0.0	0.0	0.0	0.0	0.0	0.0	0.0	0.0	0.0	0.0	0.0	0.0	0.0	0.0	0.0	0.0	0.0	0.0	0.0	0.0	0.0	0.0	0.0	0.0	0.0	0.0	0.0	0.0	0.0	0.0	0.0	0.0	0.0	0.0	0.0	0.0	0.0	0.0	0.0	0.0	0.0	0.0	0.0	0.0	0.0	0.0	0.0	0.0	0.0	0.0	0.0	0.0	0.0	0.0	0.0	0.0	0.0	0.0
0.0	0.0	0.0	0.0	0.0	0.0	0.0	0.0	0.0	0.0	0.0	0.0	0.0	0.0	0.0	0.0	0.0	0.0	0.0	0.0	0.0	0.0	0.0	0.0	0.0	0.0	0.0	0.0	0.0	0.0	0.0	0.0	0.0	0.0	0.0	0.0	0.0	0.0	0.0	0.0	0.0	0.0	0.0	0.0	0.0	0.0	0.0	0.0	0.0	0.0	0.0	0.0	0.0	0.0	0.0	0.0	0.0	0.0	0.0	0.0	0.0	0.0	0.0	0.0	0.0	0.0	0.0	0.0	0.0	0.0	0.0	0.0	0.0	0.0	0.0	0.0	0.0	0.0	0.0	0.0	0.0	0.0	0.0	0.0	0.0	0.0	0.0	0.0	0.0	0.0	0.0	0.0	0.0	0.0	0.0	0.0	0.0	0.0	0.0	0.0	0.0	0.0	0.0	0.0	0.0	0.0	0.0	0.0	0.0	0.0	0.0	0.0	0.0	0.0	0.0	0.0	0.0	0.0	0.0	0.0	0.0	0.0	0.0	0.0	0.0	0.0	0.0	0.0	0.0	0.0	0.0	0.0	0.0	0.0	0.0	0.0	0.0	0.0	0.0	0.0	0.0	0.0	0.0	0.0	0.0	0.0	0.0	0.0	0.0	0.0	0.0	0.0	0.0	0.0	0.0	0.0	0.0	0.0	0.0	0.0	0.0	0.0	0.0	0.0	0.0	0.0	0.0	0.0
list 5: spolied pvs power
0.0	0.0	0.0	0.0	0.0	0.0	0.0	0.0	0.0	1.9745719241753148	2.227627943875731	0.0	0.05030569629173165	2.5598000597448136	2.0345217313524513	1.5453120797661732	0.0	0.0	0.0	0.0	0.0	0.0	0.0	0.0	0.0	0.0	0.0	0.0	0.0	0.0	0.0	0.0	0.0	1.927627469518851	0.0	2.550991395250457	0.09246475018277645	2.637082971918794	1.9279631502787398	1.1456210983618473	0.0	0.0	0.0	0.0	0.0	0.0	0.0	0.0	0.0	0.0	0.0	0.0	0.0	0.0	0.0	0.0	0.0	0.0	0.0	0.0	0.3251063563506088	0.0	0.0	1.2063064755202981	0.04167486661950226	0.0	0.0	0.0	0.0	0.0	0.0	0.0	0.0	0.0	0.0	0.0	0.0	0.0	0.0	0.0	0.0	0.0	0.0	0.0	0.0	2.285259076726556	0.0	0.0	0.0	0.0	0.0	0.0	0.0	0.0	0.0	0.0	0.0	0.0	0.0	0.0	0.0	0.0	0.0	0.0	0.0	0.0	1.7085755866067087	0.0	2.358386863311781	2.131124235002609	0.0	1.3942028233525678	0.0	0.0	0.0	0.0	0.0	0.0	0.0	0.0	0.0	0.0	0.0	0.0	0.0	0.0	0.0	0.0	0.0	0.0	0.0	2.4057245267052885	2.6470342147383947	2.52755130642403	0.0	1.555793623942301	0.6699389169234324	0.0	0.0	0.0	0.0	0.0	0.0	0.0	0.0	0.0	0.0	0.0	0.0	0.0	0.0	0.0	0.8406040861316184	1.6949951589885714	0.0	0.0	0.0	2.1134738467540335	0.0	1.1633221933837716	0.0	0.0	0.0	0.0	0.0	0.0	0.0	0.0
0.0	0.0	0.0	0.0	0.0	0.0	0.0	0.0	0.895571339594043	0.0	0.0	2.6432230716161715	2.707844951619347	0.0	0.0	0.0	0.6518578847932579	0.0	0.0	0.0	0.0	0.0	0.0	0.0	0.0	0.0	0.0	0.0	0.0	0.0	0.0	0.0	0.525596770994853	0.0	2.023718056434829	0.0	2.750000000171072	0.005308414616230106	0.0	0.0	0.0	0.0	0.0	0.0	0.0	0.0	0.0	0.0	0.0	0.0	0.0	0.0	0.0	0.0	0.0	0.0	0.0	0.0	0.0	0.6535416769321833	0.0	0.0	1.5740489798522692	0.0	0.0	0.0	0.0	0.0	0.0	0.0	0.0	0.0	0.0	0.0	0.0	0.0	0.0	0.0	0.0	0.0	0.0	0.2945626492691267	0.0	1.1954615413401957	2.0963248543618693	0.0	1.6231724580964637	0.0	0.5905914236558315	0.0	0.0	0.0	0.0	0.0	0.0	0.0	0.0	0.0	0.0	0.0	0.0	0.0	0.0	0.0	0.44193174844540617	1.4813772135168268	0.0	2.2061364037910307	0.0	0.0	1.631233552012779	0.0	0.6229193111045452	2.7755575615628914e-17	0.0	0.0	0.0	0.0	0.0	0.0	0.0	0.0	0.0	0.0	0.0	0.0	0.0	0.0	0.0	1.847925326803459	2.00757597413719	0.0	0.0	0.0	2.0020253332063223	0.0	0.0	0.0	0.0	0.0	0.0	0.0	0.0	0.0	0.0	0.0	0.0	0.0	0.0	0.0	0.0	0.0	0.0	0.0	1.8451128705677888	2.246541446250594	2.322807276901761	0.0	1.5618876112912594	0.0	0.5040049423413174	0.0	0.0	0.0	0.0	0.0	0.0	0.0
 
list 10: sr⁺
0.002755340915125846	0.0029574181084959373	0.002948918521615109	0.0029746398206592756	0.003003814641682795	0.003073164016313233	0.003449387960154317	0.0	0.0	0.0	0.0	0.0	0.0	0.0	0.0	0.0	0.0	0.0	0.0032229592722758183	0.0	0.0030570000000003663	-0.0	-0.0	-0.0	0.0027555000000003657	-0.0	0.002949000000000366	-0.0	-0.0	-0.0	-0.0	0.0	0.0	0.0	0.0	0.0	0.0	0.0	0.0	0.0	0.0	0.0	0.0032231910302481623	-0.0	-0.0	-0.0	-0.0	-0.0	0.0027545527677974063	0.0029573111796258526	0.0029489799260407614	-0.0	-0.0	0.003072845067386185	-0.0	0.0036733887255369145	-0.0	0.0	0.0	0.0	0.0	0.0	0.0	0.0	0.0	0.0	0.0	-0.0	0.0030570000000003663	0.0	-0.0	0.0031249999942572094	0.002755499200382325	-0.0	-0.0	-0.0	0.003002830288281384	-0.0	-0.0	0.0036541676007863844	0.0035759396992808543	0.0	0.0	0.0	0.0	0.0	0.0	0.0	0.0	0.0	0.0	0.0	0.0030532101631490184	0.0	0.0	0.0	0.002748863392539533	0.0	0.0	0.0	0.0	0.0	0.0	0.0	0.0	0.0	0.0	0.0	0.0	0.0	0.0	0.0	0.0	0.0	0.0	0.0	0.0	0.0	0.0	0.0	0.0	0.0	0.0	0.002974745384055245	0.0030038321618006793	-0.0	0.0	0.0036801536527322656	0.0	0.0	0.0	0.0	0.0	0.0	0.0	0.0	0.0	0.0	0.0	-0.0	0.0	0.0	0.0	0.0	0.0027555000000003657	0.0	0.002949000000000366	0.0	0.0	0.0	0.0	0.0	0.0	0.0	0.0	0.0	0.0	0.0	0.0	0.0	0.0	0.0	0.0	0.0	0.0	0.0	0.0035537454907692903	0.003124993530878541
0.0	0.0	0.0	0.0	0.0	-0.0	0.0	0.0037017628302066	0.0036578597962436806	0.0036613409557256127	0.004276670352297608	0.0042831231233904	0.004262115297602212	0.004222861787436169	0.004248214797392346	0.0037323587412820282	0.003348390921683487	0.003139555230016065	0.0	0.0029825000000003655	-0.0	0.0035548750000003663	0.003553750000000366	0.0031250000000003653	-0.0	0.002957500000000366	-0.0	0.002974750000000366	0.0030038750000003656	0.003073247123364608	0.0034499869264730237	0.0036996051219810996	0.0036462984522669553	0.0036598739873603594	0.004270298367439607	0.004280240973571154	0.0042647500000110574	0.004225442685745291	0.004244884945791655	0.00371986878842417	0.0033045853170028013	0.0	0.0	0.0029825000000003655	0.0030570000000003663	0.003554874096695079	0.003553741336992997	0.003124914842347667	0.0	-0.0	-0.0	0.002974744526074323	0.0030038722393274236	-0.0	0.0034475453816180165	-0.0	0.0035926731881581347	0.0035851638521249346	0.004193132020352197	0.004220947522794044	0.004186085008479442	0.004136939600482211	0.004233825473574334	0.0037217651471991597	0.0033283869480539873	0.0031414686213983778	0.0032236770975488664	0.0029825000000003655	-0.0	0.0035548750000003663	0.003553750000000366	-0.0	0.0	0.0029574990022434478	0.0029489968674968857	0.00297472230751166	-0.0	0.0030677053926158613	0.0034322243498420986	-0.0	0.0	0.0036088423064675836	0.004189608383121367	0.004234757087007913	0.0	0.0	0.0	0.0	0.003346476404601601	0.0031263397078548586	0.003219261533069849	0.0029808406041286427	0.0	0.003548920617369541	0.003548270609344904	0.0031183048050542274	0.0	0.0029525819764444007	0.002945125072163494	0.0029698789940317506	0.0029959635150400244	0.003062927862270476	0.003437700593370795	0.003689042663119349	0.0036436840020138556	0.0036459291026379437	0.004260450473004179	0.004269464591849975	0.004249623038758532	0.004209466086528628	0.004235612435611787	0.003727636724582125	0.0033474866195151573	0.003140127816031483	0.0	0.0029825000000003655	0.0030570000000003663	0.0035548750000003663	0.003553750000000366	0.0031250000000003653	0.0027555000000003657	0.002957500000000366	0.0029489999850992044	0.0	0.0	0.0030734253154150746	0.0034506237893105088	0.0	0.003624280432765529	0.003657383373232195	0.0042697939431310655	0.00427570152578686	0.004258642986617244	0.004221854045386834	0.0042471993166840515	0.003732686279301969	0.0033489559362808487	0.003140793824217716	0.0	0.0029825000000003655	0.0030570000000003663	0.0035548750000003663	0.003553750000000366	0.0031250000000003653	0.0	0.002957500000000366	0.0	0.0029747491017397426	0.0030038686751559305	0.0030736113558424145	0.003451504967793525	0.0037037512165944376	0.003656142123250261	0.00365260445482918	0.004264717129794938	0.00427072720997002	0.004248511211427823	0.004208914529132029	0.004233445448932572	0.0037204219366077243	0.003343770667864796	0.0031394587226119927	0.0	0.002982482962462795	0.00305699007559418	0.0035548677472482058	0.0	-0.0
0.0	0.0	0.0	0.0	0.0	0.0	0.0	0.0	0.0	0.0	0.0	-0.0	0.0	0.0	0.0	0.0	0.0	0.0	0.0	0.0	0.0	0.0	0.0	0.0	0.0	0.0	0.0	0.0	0.0	0.0	0.0	0.0	0.0	0.0	0.0	0.0	0.0	0.0	0.0	0.0	0.0	0.0	0.0	0.0	0.0	0.0	0.0	0.0	0.0	0.0	0.0	0.0	0.0	0.0	0.0	0.0	0.0	0.0	0.0	0.0	0.0	0.0	0.0	0.0	0.0	0.0	0.0	0.0	0.0	0.0	0.0	0.0	0.0	0.0	0.0	0.0	0.0	0.0	0.0	0.0	0.0	0.0	0.0	0.0	0.0	0.0	0.0	0.0	0.0	0.0	0.0	0.0	0.0	0.0	0.0	0.0	0.0	0.0	0.0	0.0	0.0	0.0	0.0	0.0	0.0	0.0	0.0	0.0	0.0	0.0	0.0	0.0	0.0	0.0	0.0	0.0	0.0	0.0	0.0	0.0	0.0	0.0	0.0	0.0	0.0	0.0	0.0	0.0	0.0	0.0	0.0	0.0	0.0	0.0	0.0	0.0	0.0	0.0	0.003223817371121155	0.0	0.0	0.0	0.0	0.0	0.0	0.0	0.0	0.0	0.0	0.0	0.0	0.0	0.0	0.0	0.0	0.0	0.0	0.0	0.0	0.0	0.0	0.0	0.0	0.0	0.0	0.0	0.0	0.0
0.0	0.0	0.0	0.0	0.0	0.0	0.0	0.0	0.0	0.0	0.0	0.0	0.0	0.0	0.0	0.0	0.0	0.0	0.0	0.0	0.0	0.0	0.0	0.0	0.0	0.0	0.0	0.0	0.0	0.0	0.0	0.0	0.0	0.0	0.0	0.0	0.0	0.0	0.0	0.0	0.0	0.0031308014857620208	0.0	0.0	0.0	0.0	0.0	0.0	0.0	0.0	0.0	0.0	0.0	0.0	0.0	0.0	0.0	0.0	0.0	0.0	0.0	0.0	0.0	0.0	0.0	0.0	0.0	0.0	0.0	0.0	0.0	0.0	0.0	0.0	0.0	0.0	0.0	0.0	0.0	0.0	0.0	0.0	0.0	0.0	0.0	0.0	0.0	0.0	0.0	0.0	0.0	0.0	0.0	0.0	0.0	0.0	0.0	0.0	0.0	0.0	0.0	0.0	0.0	0.0	0.0	0.0	0.0	0.0	0.0	0.0	0.0	0.0	0.0	0.0	0.0032235825449949637	0.0	0.0	0.0	0.0	0.0	0.0	0.0	0.0	0.0	0.0	0.0	0.0	0.0	0.0	0.0	0.0	0.0	0.0	0.0	0.0	0.0	0.0	0.0	0.0	0.0	0.0	0.0	0.0	0.0	0.0	0.0	0.0	0.0	0.0	0.0	0.0	0.0	0.0	0.0	0.0	0.0	0.0	0.0	0.0	0.0	0.0	0.0	0.0	0.0	0.0	0.0	0.0	0.0
0.0	0.0	0.0	0.0	0.0	0.0	0.0	0.0	0.0	0.0	0.0	0.0	0.0	0.0	0.0	0.0	0.0	0.0	0.0	0.0	0.0	0.0	0.0	0.0	0.0	0.0	0.0	0.0	0.0	0.0	0.0	0.0	0.0	0.0	0.0	0.0	0.0	0.0	0.0	0.0	0.0	0.0	-0.0	0.0	0.0	0.0	0.0	0.0	0.0	0.0	0.0	0.0	0.0	0.0	0.0	0.0	0.0	0.0	0.0	0.0	0.0	0.0	0.0	0.0	0.0	0.0	0.0	0.0	0.0	0.0	0.0	0.0	0.0	0.0	0.0	0.0	0.0	0.0	0.0	0.0	0.0	0.0	0.0	0.0	0.004241433856890781	0.004214282649814899	0.0042353605342988175	0.0036713022004672045	0.0	0.0	0.0	0.0	0.0	0.0	0.0	0.0	0.0	0.0	0.0	0.0	0.0	0.0	0.0	0.0	0.0	0.0	0.0	0.0	0.0	0.0	0.0	0.0	0.0	0.0	0.0	0.0	0.0	0.0	0.0	0.0	0.0	0.0	0.0	0.0	0.0	0.0	0.0	0.0	0.0	0.0	0.0	0.0	0.0	0.0	0.0	0.0	0.0	0.0	0.0	0.0	0.0	0.0	0.0	0.0	0.0	0.0	0.0	0.0	0.0	0.0	0.0	0.0	0.0	0.0	0.0	0.0	0.0	0.0	0.0	0.0	0.0	0.0	0.003223896380344745	0.0	0.0	0.0	0.0	0.0
 
list 11: sr⁻
0.002755340915125846	0.0029574181084959373	0.002948918521615109	0.0029746398206592756	0.003003814641682795	0.003073164016313233	0.0	0.0	0.0	0.0	0.0	0.0	0.0	0.0	0.0	0.0	0.0	0.0	0.0032229592722758183	0.0029825000000003655	0.0030570000000003663	0.0035548750000003663	-0.0	0.0031250000000003653	0.0027555000000003657	0.002957500000000366	0.002949000000000366	0.002974750000000366	0.0030038750000003656	-0.0	0.0	0.0	0.0	0.0	0.0	0.0	0.0	0.0	0.0	0.0	0.0	0.0	0.0032231910302481623	0.0029825000000003655	0.0030570000000003663	-0.0	0.003553741336992997	0.003124914842347667	0.0027545527677974063	0.0029573111796258526	0.0029489799260407614	0.002974744526074323	0.0030038722393274236	0.003072845067386185	0.0034475453816180165	0.0036733887255369145	0.0	0.0	0.0	0.0	0.0	0.0	0.0	0.0	0.0	0.0	0.0032236770975488664	0.0029825000000003655	0.0030570000000003663	0.0035548750000003663	-0.0	0.0031249999942572094	0.002755499200382325	0.0029574990022434478	0.0029489968674968857	0.00297472230751166	0.003002830288281384	0.0030677053926158613	-0.0	0.0036541676007863844	0.0	0.0	0.0	0.0	0.0	0.0	0.0	0.0	0.0	0.0031263397078548586	0.003219261533069849	0.0029808406041286427	0.0030532101631490184	0.0	0.0	0.0031183048050542274	0.002748863392539533	0.0029525819764444007	0.002945125072163494	0.0029698789940317506	0.0029959635150400244	0.003062927862270476	0.003437700593370795	0.0	0.0	0.0	0.0	0.0	0.0	0.0	0.0	0.0	0.0	0.0	0.0032235825449949637	0.0029825000000003655	0.0030570000000003663	0.0035548750000003663	0.0	0.0031250000000003653	0.0027555000000003657	0.002957500000000366	0.0029489999850992044	0.002974745384055245	0.0030038321618006793	0.0030734253154150746	0.0034506237893105088	0.0	0.0	0.0	0.0	0.0	0.0	0.0	0.0	0.0	0.0	-0.0	0.003223817371121155	0.0029825000000003655	0.0030570000000003663	0.0	0.0	0.0031250000000003653	0.0027555000000003657	0.002957500000000366	0.002949000000000366	0.0029747491017397426	0.0030038686751559305	0.0	0.0	0.0	0.0	0.0	0.0	0.0	0.0	0.0	0.0	0.0	0.0	0.0	0.003223896380344745	0.002982482962462795	0.00305699007559418	0.0035548677472482058	0.0035537454907692903	0.003124993530878541
0.0	0.0	0.0	0.0	0.0	-0.0	0.003449387960154317	0.0037017628302066	0.0036578597962436806	0.0036613409557256127	0.004276670352297608	0.0042831231233904	0.004261124640302146	0.004222861787436169	0.004248214797392346	0.0037323587412820282	0.003348390921683487	0.003139555230016065	0.0	0.0	0.0	0.0	0.003553750000000366	0.0	-0.0	-0.0	-0.0	0.0	0.0	0.003073247123364608	0.0034499869264730237	0.0036996051219810996	0.0036462984522669553	0.0036598739873603594	0.004270298367439607	0.004280240973571154	0.0042647500000110574	0.004225442685745291	0.004244884945791655	0.00371986878842417	0.0033045853170028013	0.0031308014857620208	0.0	0.0	0.0	0.003554874096695079	-0.0	0.0	-0.0	-0.0	0.0	0.0	0.0	0.0	0.0	0.0	0.0035926731881581347	0.0035851638521249346	0.004193132020352197	0.004220947522794044	0.004186085008479442	0.004136939600482211	0.004233825473574334	0.0037217651471991597	0.00332932329822879	0.0031414686213983778	-0.0	0.0	0.0	0.0	0.003553750000000366	0.0	0.0	0.0	0.0	-0.0	-0.0	-0.0	0.0034322243498420986	0.0	0.0035759396992808543	0.0036088423064675836	0.004189608383121367	0.0	0.0	0.0	0.0	0.0036713022004672045	0.003346476404601601	0.0	0.0	0.0	0.0	0.003548920617369541	0.003548270609344904	0.0	0.0	0.0	0.0	0.0	0.0	0.0	0.0	0.003689042663119349	0.0036436840020138556	0.0036459291026379437	0.004260450473004179	0.004269464591849975	0.004249623038758532	0.004209466086528628	0.004235612435611787	0.003727636724582125	0.0033474866195151573	0.003140127816031483	0.0	0.0	0.0	0.0	0.003553750000000366	0.0	0.0	0.0	0.0	0.0	0.0	0.0	0.0	0.0036801536527322656	0.003624280432765529	0.003657383373232195	0.0042697939431310655	0.00427570152578686	0.004258642986617244	0.004221854045386834	0.0042471993166840515	0.003732686279301969	0.0033489559362808487	0.0	0.0	0.0	0.0	0.0035548750000003663	0.003553750000000366	0.0	0.0	-0.0	0.0	-0.0	0.0	0.0030736113558424145	0.003451504967793525	0.0037037512165944376	0.003656142123250261	0.00365260445482918	0.004264717129794938	0.00427072720997002	0.004248511211427823	0.004208914529132029	0.004233445448932572	0.0037204219366077243	0.003343770667864796	0.0	0.0	0.0	0.0	0.0	0.0	0.0
0.0	0.0	0.0	0.0	0.0	0.0	0.0	0.0	0.0	0.0	0.0	0.0	0.0	0.0	0.0	0.0	0.0	0.0	0.0	0.0	0.0	0.0	0.0	0.0	0.0	0.0	0.0	0.0	0.0	0.0	0.0	0.0	0.0	0.0	0.0	0.0	0.0	0.0	0.0	0.0	0.0	0.0	0.0	0.0	0.0	0.0	0.0	0.0	0.0	0.0	0.0	0.0	0.0	0.0	0.0	0.0	0.0	0.0	0.0	0.0	0.0	0.0	0.0	0.0	0.0	0.0	0.0	0.0	0.0	0.0	0.0	0.0	0.0	0.0	0.0	0.0	0.0	0.0	0.0	0.0	0.0	0.0	0.0	0.0	0.0	0.0	0.0	0.0	0.0	0.0	0.0	0.0	0.0	0.0	0.0	0.0	0.0	0.0	0.0	0.0	0.0	0.0	0.0	0.0	0.0	0.0	0.0	0.0	0.0	0.0	0.0	0.0	0.0	0.0	0.0	0.0	0.0	0.0	0.0	0.0	0.0	0.0	0.0	0.0	0.0	0.0	0.0	0.0	0.0	0.0	0.0	0.0	0.0	0.0	0.0	0.0	0.0	0.003140793824217716	0.0	0.0	0.0	0.0	0.0	0.0	0.0	0.0	0.0	0.0	0.0	0.0	0.0	0.0	0.0	0.0	0.0	0.0	0.0	0.0	0.0	0.0	0.0	0.0	0.0	0.0	0.0	0.0	0.0	0.0
0.0	0.0	0.0	0.0	0.0	0.0	0.0	0.0	0.0	0.0	0.0	0.0	0.0	0.0	0.0	0.0	0.0	0.0	0.0	0.0	0.0	0.0	0.0	0.0	0.0	0.0	0.0	0.0	0.0	0.0	0.0	0.0	0.0	0.0	0.0	0.0	0.0	0.0	0.0	0.0	0.0	0.0	0.0	0.0	0.0	0.0	0.0	0.0	0.0	0.0	0.0	0.0	0.0	0.0	0.0	0.0	0.0	0.0	0.0	0.0	0.0	0.0	0.0	0.0	0.0	0.0	0.0	0.0	0.0	0.0	0.0	0.0	0.0	0.0	0.0	0.0	0.0	0.0	0.0	0.0	0.0	0.0	0.0	0.0	0.0	0.0	0.0	0.0	0.0	0.0	0.0	0.0	0.0	0.0	0.0	0.0	0.0	0.0	0.0	0.0	0.0	0.0	0.0	0.0	0.0	0.0	0.0	0.0	0.0	0.0	0.0	0.0	0.0	0.0	0.0	0.0	0.0	0.0	0.0	0.0	0.0	0.0	0.0	0.0	0.0	0.0	0.0	0.0	0.0	0.0	0.0	0.0	0.0	0.0	0.0	0.0	0.0	0.0	0.0	0.0	0.0	0.0	0.0	0.0	0.0	0.0	0.0	0.0	0.0	0.0	0.0	0.0	0.0	0.0	0.0	0.0	0.0	0.0	0.0	0.0	0.0	0.0	0.0	0.0	0.0	0.0	0.0	0.0
0.0	0.0	0.0	0.0	0.0	0.0	0.0	0.0	0.0	0.0	0.0	0.0	0.0	0.0	0.0	0.0	0.0	0.0	0.0	0.0	0.0	0.0	0.0	0.0	0.0	0.0	0.0	0.0	0.0	0.0	0.0	0.0	0.0	0.0	0.0	0.0	0.0	0.0	0.0	0.0	0.0	0.0	0.0	0.0	0.0	0.0	0.0	0.0	0.0	0.0	0.0	0.0	0.0	0.0	0.0	0.0	0.0	0.0	0.0	0.0	0.0	0.0	0.0	0.0	0.0	0.0	0.0	0.0	0.0	0.0	0.0	0.0	0.0	0.0	0.0	0.0	0.0	0.0	0.0	0.0	0.0	0.0	0.0	0.004234757087007913	0.004241433856890781	0.004214282649814899	0.0042353605342988175	0.0	0.0	0.0	0.0	0.0	0.0	0.0	0.0	0.0	0.0	0.0	0.0	0.0	0.0	0.0	0.0	0.0	0.0	0.0	0.0	0.0	0.0	0.0	0.0	0.0	0.0	0.0	0.0	0.0	0.0	0.0	0.0	0.0	0.0	0.0	0.0	0.0	0.0	0.0	0.0	0.0	0.0	0.0	0.0	0.0	0.0	0.0	0.0	0.0	0.0	0.0	0.0	0.0	0.0	0.0	0.0	0.0	0.0	0.0	0.0	0.0	0.0	0.0	0.0	0.0	0.0	0.0	0.0	0.0	0.0	0.0	0.0	0.0	0.0	0.0031394587226119927	0.0	0.0	0.0	0.0	0.0	0.0
