 
su_cost	sd_cost	prod_cost	cr⁺	cr⁻	𝜟pd	𝜟pw	𝜟pr
7570.0	6960.0	72427.09245336543	0.4647443009171731	0.4647443009171741	0.0	0.10702575536380472	17.654983763174254
 
list 1: cluster units stutup/down states
1.0	1.0	1.0	1.0	1.0	1.0	1.0	0.0	0.0	0.0	0.0	-0.0	0.0	0.0	-0.0	-0.0	-0.0	0.0	1.0	1.0	1.0	1.0	1.0	1.0	1.0	1.0	1.0	1.0	1.0	1.0	1.0	0.0	0.0	0.0	0.0	-0.0	0.0	0.0	-0.0	-0.0	0.0	0.0	1.0	1.0	1.0	1.0	1.0	1.0	1.0	1.0	1.0	1.0	1.0	1.0	1.0	1.0	1.0	0.0	0.0	-0.0	-0.0	-0.0	-0.0	-0.0	-0.0	0.0	1.0	1.0	1.0	1.0	1.0	1.0	1.0	1.0	1.0	1.0	1.0	1.0	1.0	1.0	1.0	0.0	0.0	0.0	0.0	0.0	0.0	-0.0	0.0	1.0	1.0	1.0	1.0	1.0	1.0	1.0	1.0	1.0	1.0	1.0	1.0	1.0	1.0	1.0	0.0	0.0	0.0	-0.0	-0.0	0.0	-0.0	-0.0	-0.0	0.0	1.0	1.0	1.0	1.0	1.0	1.0	1.0	1.0	1.0	1.0	1.0	1.0	1.0	1.0	0.0	0.0	-0.0	0.0	0.0	-0.0	-0.0	0.0	0.0	0.0	1.0	1.0	1.0	1.0	1.0	1.0	1.0	1.0	1.0	1.0	1.0	1.0	1.0	0.0	0.0	0.0	0.0	0.0	0.0	0.0	0.0	0.0	-0.0	0.0	1.0	1.0	1.0	1.0	1.0	1.0
-0.0	0.0	0.0	0.0	0.0	0.0	1.0	1.0	1.0	1.0	1.0	1.0	1.0	1.0	1.0	1.0	1.0	1.0	1.0	1.0	1.0	1.0	1.0	1.0	1.0	1.0	1.0	1.0	1.0	1.0	1.0	1.0	1.0	1.0	1.0	1.0	1.0	1.0	1.0	1.0	1.0	1.0	1.0	1.0	1.0	1.0	1.0	1.0	1.0	1.0	1.0	1.0	1.0	1.0	1.0	1.0	1.0	1.0	1.0	1.0	1.0	1.0	1.0	1.0	1.0	1.0	1.0	0.0	0.0	0.0	0.0	0.0	0.0	0.0	0.0	0.0	0.0	0.0	0.0	0.0	0.0	0.0	1.0	1.0	1.0	1.0	1.0	1.0	0.0	0.0	-0.0	0.0	0.0	0.0	-0.0	0.0	0.0	0.0	0.0	0.0	0.0	1.0	1.0	1.0	1.0	1.0	1.0	1.0	1.0	1.0	1.0	1.0	1.0	1.0	1.0	1.0	1.0	1.0	1.0	1.0	1.0	1.0	1.0	1.0	1.0	1.0	1.0	1.0	1.0	1.0	1.0	1.0	1.0	1.0	1.0	1.0	1.0	1.0	1.0	1.0	1.0	1.0	1.0	1.0	1.0	1.0	1.0	1.0	1.0	1.0	1.0	1.0	1.0	1.0	1.0	1.0	1.0	1.0	1.0	1.0	1.0	1.0	1.0	1.0	1.0	1.0	1.0	1.0
0.0	0.0	-0.0	0.0	0.0	0.0	0.0	0.0	0.0	0.0	0.0	0.0	0.0	0.0	0.0	0.0	0.0	1.0	1.0	0.0	0.0	0.0	0.0	0.0	0.0	0.0	0.0	0.0	0.0	0.0	0.0	0.0	0.0	0.0	0.0	0.0	0.0	0.0	0.0	0.0	2.0	2.0	2.0	0.0	0.0	0.0	0.0	0.0	0.0	0.0	0.0	0.0	0.0	0.0	0.0	0.0	0.0	0.0	0.0	0.0	0.0	0.0	0.0	0.0	0.0	1.0	1.0	1.0	1.0	1.0	1.0	1.0	1.0	1.0	1.0	1.0	1.0	1.0	1.0	1.0	1.0	1.0	1.0	0.0	0.0	0.0	0.0	1.0	1.0	1.0	3.0	2.0	2.0	2.0	2.0	1.0	0.0	0.0	0.0	0.0	0.0	0.0	0.0	0.0	0.0	0.0	0.0	0.0	0.0	0.0	0.0	0.0	0.0	1.0	1.0	0.0	0.0	0.0	0.0	0.0	0.0	0.0	0.0	0.0	0.0	0.0	0.0	0.0	0.0	0.0	0.0	0.0	0.0	0.0	0.0	0.0	0.0	1.0	1.0	0.0	0.0	0.0	0.0	0.0	0.0	0.0	0.0	0.0	0.0	0.0	0.0	0.0	0.0	0.0	0.0	0.0	0.0	0.0	0.0	0.0	0.0	1.0	1.0	1.0	1.0	1.0	1.0	1.0
 
list 1: cluster units stutup states
-0.0	-0.0	-0.0	-0.0	-0.0	-0.0	-0.0	-0.0	0.0	0.0	0.0	-0.0	-0.0	0.0	-0.0	0.0	0.0	0.0	1.0	-0.0	-0.0	-0.0	-0.0	-0.0	-0.0	-0.0	-0.0	-0.0	-0.0	-0.0	-0.0	-0.0	0.0	0.0	0.0	-0.0	-0.0	-0.0	-0.0	0.0	0.0	0.0	1.0	-0.0	-0.0	-0.0	-0.0	-0.0	-0.0	-0.0	-0.0	-0.0	-0.0	-0.0	-0.0	-0.0	0.0	0.0	0.0	-0.0	0.0	0.0	-0.0	0.0	0.0	0.0	1.0	-0.0	-0.0	-0.0	-0.0	-0.0	-0.0	-0.0	-0.0	-0.0	-0.0	-0.0	-0.0	-0.0	-0.0	-0.0	0.0	0.0	0.0	-0.0	-0.0	0.0	-0.0	1.0	-0.0	-0.0	-0.0	-0.0	-0.0	-0.0	-0.0	-0.0	-0.0	-0.0	-0.0	-0.0	-0.0	-0.0	0.0	0.0	0.0	-0.0	0.0	-0.0	-0.0	0.0	0.0	0.0	1.0	-0.0	-0.0	-0.0	-0.0	-0.0	-0.0	-0.0	-0.0	-0.0	-0.0	-0.0	-0.0	-0.0	0.0	0.0	0.0	-0.0	-0.0	-0.0	-0.0	-0.0	0.0	0.0	1.0	-0.0	-0.0	-0.0	-0.0	-0.0	-0.0	-0.0	-0.0	-0.0	-0.0	-0.0	-0.0	-0.0	0.0	0.0	0.0	0.0	-0.0	-0.0	-0.0	-0.0	0.0	0.0	1.0	-0.0	-0.0	-0.0	-0.0	-0.0
0.0	-0.0	-0.0	-0.0	-0.0	-0.0	1.0	0.0	-0.0	-0.0	-0.0	-0.0	-0.0	-0.0	-0.0	-0.0	-0.0	0.0	-0.0	-0.0	-0.0	-0.0	-0.0	-0.0	-0.0	-0.0	-0.0	-0.0	-0.0	-0.0	-0.0	-0.0	-0.0	-0.0	-0.0	-0.0	-0.0	-0.0	-0.0	-0.0	0.0	-0.0	-0.0	-0.0	-0.0	-0.0	-0.0	-0.0	-0.0	-0.0	-0.0	-0.0	-0.0	-0.0	-0.0	-0.0	-0.0	0.0	-0.0	-0.0	0.0	0.0	0.0	-0.0	-0.0	0.0	-0.0	-0.0	-0.0	-0.0	-0.0	-0.0	-0.0	-0.0	-0.0	-0.0	-0.0	-0.0	-0.0	-0.0	-0.0	-0.0	1.0	-0.0	-0.0	-0.0	-0.0	-0.0	-0.0	0.0	-0.0	-0.0	-0.0	0.0	-0.0	-0.0	-0.0	-0.0	-0.0	-0.0	-0.0	1.0	-0.0	-0.0	-0.0	-0.0	-0.0	-0.0	-0.0	-0.0	-0.0	-0.0	-0.0	0.0	-0.0	-0.0	-0.0	-0.0	-0.0	-0.0	-0.0	-0.0	-0.0	-0.0	-0.0	-0.0	-0.0	-0.0	-0.0	-0.0	-0.0	-0.0	-0.0	-0.0	-0.0	-0.0	-0.0	0.0	-0.0	-0.0	-0.0	-0.0	-0.0	-0.0	-0.0	-0.0	-0.0	-0.0	-0.0	-0.0	-0.0	-0.0	-0.0	-0.0	-0.0	-0.0	-0.0	-0.0	-0.0	-0.0	0.0	0.0	-0.0	-0.0	-0.0	-0.0	-0.0	-0.0
0.0	0.0	-0.0	-0.0	-0.0	-0.0	-0.0	0.0	-0.0	0.0	-0.0	0.0	0.0	-0.0	0.0	-0.0	-0.0	1.0	-0.0	-0.0	-0.0	-0.0	-0.0	-0.0	-0.0	-0.0	-0.0	-0.0	-0.0	-0.0	-0.0	-0.0	-0.0	-0.0	-0.0	0.0	0.0	0.0	0.0	-0.0	2.0	-0.0	-0.0	-0.0	-0.0	-0.0	-0.0	-0.0	-0.0	-0.0	-0.0	-0.0	-0.0	-0.0	-0.0	-0.0	-0.0	-0.0	-0.0	-0.0	-0.0	-0.0	-0.0	0.0	-0.0	1.0	-0.0	-0.0	-0.0	0.0	0.0	-0.0	-0.0	-0.0	-0.0	-0.0	-0.0	-0.0	0.0	-0.0	-0.0	-0.0	0.0	-0.0	-0.0	-0.0	-0.0	1.0	-0.0	-0.0	2.0	-0.0	-0.0	-0.0	-0.0	-0.0	-0.0	-0.0	-0.0	-0.0	-0.0	-0.0	-0.0	-0.0	-0.0	0.0	-0.0	0.0	0.0	-0.0	0.0	-0.0	-0.0	1.0	-0.0	-0.0	-0.0	-0.0	-0.0	-0.0	-0.0	-0.0	-0.0	-0.0	-0.0	-0.0	-0.0	-0.0	-0.0	-0.0	-0.0	-0.0	0.0	0.0	0.0	-0.0	0.0	1.0	-0.0	-0.0	-0.0	-0.0	-0.0	-0.0	-0.0	-0.0	-0.0	-0.0	-0.0	-0.0	-0.0	-0.0	-0.0	-0.0	-0.0	0.0	-0.0	-0.0	0.0	-0.0	-0.0	1.0	-0.0	-0.0	-0.0	-0.0	-0.0	-0.0
 
list 1: cluster units shutdown states
-0.0	-0.0	-0.0	-0.0	-0.0	-0.0	-0.0	1.0	-0.0	-0.0	0.0	0.0	-0.0	-0.0	0.0	0.0	0.0	0.0	0.0	-0.0	-0.0	-0.0	-0.0	-0.0	-0.0	-0.0	-0.0	-0.0	-0.0	-0.0	-0.0	1.0	-0.0	-0.0	0.0	0.0	0.0	0.0	-0.0	0.0	0.0	0.0	0.0	-0.0	-0.0	-0.0	-0.0	-0.0	-0.0	-0.0	-0.0	-0.0	-0.0	-0.0	-0.0	0.0	0.0	1.0	0.0	0.0	-0.0	-0.0	0.0	0.0	0.0	0.0	0.0	-0.0	-0.0	-0.0	-0.0	-0.0	-0.0	-0.0	-0.0	-0.0	-0.0	-0.0	-0.0	-0.0	-0.0	1.0	-0.0	-0.0	-0.0	-0.0	0.0	0.0	0.0	0.0	0.0	-0.0	-0.0	-0.0	-0.0	-0.0	-0.0	-0.0	-0.0	-0.0	-0.0	-0.0	-0.0	0.0	1.0	-0.0	0.0	0.0	-0.0	0.0	-0.0	0.0	0.0	0.0	0.0	-0.0	-0.0	-0.0	-0.0	-0.0	-0.0	-0.0	-0.0	-0.0	-0.0	-0.0	-0.0	0.0	1.0	-0.0	-0.0	0.0	-0.0	-0.0	0.0	0.0	0.0	0.0	0.0	-0.0	-0.0	-0.0	-0.0	-0.0	-0.0	-0.0	-0.0	-0.0	-0.0	-0.0	-0.0	1.0	-0.0	-0.0	-0.0	-0.0	-0.0	-0.0	-0.0	0.0	0.0	0.0	0.0	-0.0	-0.0	-0.0	-0.0	-0.0
-0.0	0.0	-0.0	-0.0	-0.0	-0.0	-0.0	-0.0	0.0	-0.0	0.0	-0.0	-0.0	0.0	-0.0	-0.0	-0.0	-0.0	0.0	-0.0	-0.0	-0.0	-0.0	-0.0	-0.0	-0.0	-0.0	-0.0	-0.0	-0.0	-0.0	-0.0	0.0	0.0	0.0	-0.0	-0.0	-0.0	-0.0	-0.0	-0.0	0.0	-0.0	-0.0	-0.0	-0.0	-0.0	-0.0	-0.0	-0.0	-0.0	-0.0	-0.0	-0.0	-0.0	-0.0	-0.0	-0.0	-0.0	-0.0	-0.0	-0.0	-0.0	0.0	0.0	-0.0	0.0	1.0	-0.0	-0.0	-0.0	-0.0	-0.0	-0.0	-0.0	-0.0	-0.0	-0.0	-0.0	0.0	-0.0	-0.0	-0.0	0.0	-0.0	-0.0	0.0	-0.0	1.0	-0.0	-0.0	-0.0	-0.0	-0.0	-0.0	-0.0	-0.0	-0.0	-0.0	-0.0	-0.0	-0.0	-0.0	-0.0	-0.0	0.0	0.0	0.0	-0.0	-0.0	-0.0	-0.0	-0.0	-0.0	0.0	-0.0	-0.0	-0.0	-0.0	-0.0	-0.0	-0.0	-0.0	-0.0	-0.0	-0.0	-0.0	-0.0	-0.0	0.0	0.0	0.0	-0.0	-0.0	-0.0	-0.0	-0.0	-0.0	0.0	-0.0	-0.0	-0.0	-0.0	-0.0	-0.0	-0.0	-0.0	-0.0	-0.0	-0.0	-0.0	-0.0	0.0	0.0	-0.0	0.0	0.0	-0.0	-0.0	-0.0	-0.0	-0.0	-0.0	-0.0	-0.0	-0.0	-0.0	-0.0
-0.0	0.0	-0.0	-0.0	-0.0	-0.0	-0.0	-0.0	-0.0	-0.0	-0.0	-0.0	0.0	0.0	-0.0	0.0	0.0	-0.0	-0.0	1.0	-0.0	-0.0	-0.0	-0.0	-0.0	-0.0	-0.0	-0.0	-0.0	-0.0	-0.0	-0.0	-0.0	-0.0	0.0	-0.0	-0.0	-0.0	-0.0	0.0	-0.0	-0.0	0.0	2.0	-0.0	-0.0	-0.0	-0.0	-0.0	-0.0	-0.0	-0.0	-0.0	-0.0	-0.0	-0.0	-0.0	-0.0	-0.0	0.0	0.0	-0.0	0.0	-0.0	0.0	-0.0	-0.0	-0.0	-0.0	-0.0	-0.0	-0.0	-0.0	-0.0	-0.0	-0.0	-0.0	-0.0	-0.0	-0.0	-0.0	-0.0	-0.0	1.0	-0.0	0.0	0.0	-0.0	0.0	-0.0	-0.0	1.0	-0.0	-0.0	-0.0	1.0	1.0	-0.0	-0.0	-0.0	-0.0	-0.0	0.0	-0.0	-0.0	-0.0	-0.0	-0.0	-0.0	0.0	-0.0	-0.0	0.0	-0.0	-0.0	1.0	-0.0	-0.0	-0.0	-0.0	-0.0	-0.0	-0.0	-0.0	-0.0	-0.0	-0.0	-0.0	-0.0	-0.0	-0.0	-0.0	-0.0	0.0	-0.0	0.0	-0.0	-0.0	-0.0	1.0	-0.0	-0.0	-0.0	-0.0	-0.0	-0.0	-0.0	-0.0	-0.0	-0.0	-0.0	-0.0	-0.0	-0.0	0.0	-0.0	0.0	0.0	-0.0	0.0	-0.0	-0.0	-0.0	-0.0	-0.0	-0.0	-0.0	-0.0
 
 
list 1: each units states
1.0	1.0	1.0	1.0	1.0	1.0	1.0	0.0	0.0	0.0	0.0	-0.0	0.0	0.0	-0.0	-0.0	-0.0	0.0	1.0	1.0	1.0	1.0	1.0	1.0	1.0	1.0	1.0	1.0	1.0	1.0	1.0	0.0	0.0	0.0	0.0	-0.0	0.0	0.0	-0.0	-0.0	0.0	0.0	1.0	1.0	1.0	1.0	1.0	1.0	1.0	1.0	1.0	1.0	1.0	1.0	1.0	1.0	1.0	0.0	0.0	-0.0	-0.0	-0.0	-0.0	-0.0	-0.0	0.0	1.0	1.0	1.0	1.0	1.0	1.0	1.0	1.0	1.0	1.0	1.0	1.0	1.0	1.0	1.0	0.0	0.0	0.0	0.0	0.0	0.0	-0.0	0.0	1.0	1.0	1.0	1.0	1.0	1.0	1.0	1.0	1.0	1.0	1.0	1.0	1.0	1.0	1.0	0.0	0.0	0.0	-0.0	-0.0	0.0	-0.0	-0.0	-0.0	0.0	1.0	1.0	1.0	1.0	1.0	1.0	1.0	1.0	1.0	1.0	1.0	1.0	1.0	1.0	0.0	0.0	-0.0	0.0	0.0	-0.0	-0.0	0.0	0.0	0.0	1.0	1.0	1.0	1.0	1.0	1.0	1.0	1.0	1.0	1.0	1.0	1.0	1.0	0.0	0.0	0.0	0.0	0.0	0.0	0.0	0.0	0.0	-0.0	0.0	1.0	1.0	1.0	1.0	1.0	1.0
-0.0	0.0	0.0	0.0	0.0	0.0	1.0	1.0	1.0	1.0	1.0	1.0	1.0	1.0	1.0	1.0	1.0	1.0	1.0	1.0	1.0	1.0	1.0	1.0	1.0	1.0	1.0	1.0	1.0	1.0	1.0	1.0	1.0	1.0	1.0	1.0	1.0	1.0	1.0	1.0	1.0	1.0	1.0	1.0	1.0	1.0	1.0	1.0	1.0	1.0	1.0	1.0	1.0	1.0	1.0	1.0	1.0	1.0	1.0	1.0	1.0	1.0	1.0	1.0	1.0	1.0	1.0	0.0	0.0	0.0	0.0	0.0	0.0	0.0	0.0	0.0	0.0	0.0	0.0	0.0	0.0	0.0	1.0	1.0	1.0	1.0	1.0	1.0	0.0	0.0	-0.0	0.0	0.0	0.0	-0.0	0.0	0.0	0.0	0.0	0.0	0.0	1.0	1.0	1.0	1.0	1.0	1.0	1.0	1.0	1.0	1.0	1.0	1.0	1.0	1.0	1.0	1.0	1.0	1.0	1.0	1.0	1.0	1.0	1.0	1.0	1.0	1.0	1.0	1.0	1.0	1.0	1.0	1.0	1.0	1.0	1.0	1.0	1.0	1.0	1.0	1.0	1.0	1.0	1.0	1.0	1.0	1.0	1.0	1.0	1.0	1.0	1.0	1.0	1.0	1.0	1.0	1.0	1.0	1.0	1.0	1.0	1.0	1.0	1.0	1.0	1.0	1.0	1.0
-0.0	-0.0	-0.0	-0.0	0.0	0.0	0.0	0.0	0.0	0.0	0.0	0.0	0.0	0.0	0.0	0.0	-0.0	1.0	1.0	0.0	0.0	0.0	0.0	0.0	0.0	0.0	0.0	0.0	0.0	0.0	0.0	0.0	0.0	0.0	0.0	-0.0	0.0	0.0	0.0	-0.0	1.0	1.0	1.0	0.0	0.0	0.0	0.0	0.0	0.0	0.0	0.0	0.0	0.0	0.0	0.0	0.0	0.0	0.0	0.0	0.0	0.0	0.0	-0.0	0.0	0.0	1.0	1.0	1.0	1.0	1.0	1.0	1.0	1.0	1.0	1.0	1.0	1.0	1.0	1.0	1.0	1.0	1.0	1.0	0.0	0.0	-0.0	-0.0	1.0	1.0	1.0	1.0	1.0	1.0	1.0	1.0	1.0	0.0	0.0	0.0	0.0	0.0	0.0	0.0	0.0	-0.0	0.0	0.0	0.0	0.0	0.0	0.0	0.0	0.0	1.0	1.0	0.0	0.0	0.0	0.0	0.0	0.0	0.0	0.0	0.0	0.0	0.0	0.0	0.0	0.0	0.0	0.0	-0.0	0.0	0.0	0.0	0.0	0.0	1.0	1.0	0.0	0.0	0.0	0.0	0.0	0.0	0.0	0.0	0.0	0.0	0.0	0.0	0.0	0.0	0.0	0.0	0.0	0.0	0.0	0.0	0.0	0.0	1.0	1.0	1.0	1.0	1.0	1.0	1.0
-0.0	-0.0	-0.0	-0.0	-0.0	-0.0	-0.0	-0.0	-0.0	0.0	0.0	-0.0	-0.0	-0.0	-0.0	-0.0	0.0	-0.0	-0.0	0.0	0.0	-0.0	-0.0	-0.0	-0.0	-0.0	-0.0	-0.0	0.0	0.0	-0.0	0.0	-0.0	-0.0	-0.0	-0.0	-0.0	0.0	-0.0	-0.0	1.0	1.0	1.0	0.0	0.0	-0.0	-0.0	0.0	-0.0	0.0	0.0	0.0	0.0	0.0	0.0	0.0	0.0	0.0	0.0	0.0	-0.0	0.0	0.0	0.0	-0.0	0.0	-0.0	0.0	-0.0	0.0	-0.0	-0.0	-0.0	-0.0	-0.0	-0.0	-0.0	-0.0	-0.0	-0.0	-0.0	0.0	0.0	-0.0	-0.0	0.0	0.0	-0.0	0.0	-0.0	1.0	1.0	1.0	1.0	1.0	-0.0	0.0	-0.0	-0.0	-0.0	-0.0	0.0	-0.0	-0.0	0.0	-0.0	-0.0	-0.0	-0.0	-0.0	-0.0	-0.0	0.0	0.0	-0.0	-0.0	-0.0	-0.0	-0.0	-0.0	-0.0	-0.0	-0.0	-0.0	-0.0	0.0	-0.0	0.0	0.0	-0.0	0.0	-0.0	-0.0	0.0	-0.0	-0.0	-0.0	-0.0	0.0	-0.0	-0.0	-0.0	-0.0	-0.0	-0.0	-0.0	-0.0	-0.0	-0.0	-0.0	-0.0	0.0	-0.0	0.0	-0.0	-0.0	-0.0	0.0	-0.0	-0.0	0.0	0.0	0.0	0.0	0.0	0.0	0.0	0.0
-0.0	-0.0	-0.0	-0.0	-0.0	-0.0	-0.0	0.0	0.0	-0.0	-0.0	0.0	0.0	0.0	-0.0	-0.0	0.0	-0.0	-0.0	0.0	0.0	-0.0	-0.0	-0.0	-0.0	-0.0	-0.0	-0.0	-0.0	-0.0	-0.0	-0.0	0.0	-0.0	-0.0	-0.0	-0.0	-0.0	0.0	0.0	-0.0	-0.0	0.0	0.0	0.0	-0.0	-0.0	-0.0	-0.0	-0.0	-0.0	-0.0	0.0	0.0	-0.0	0.0	-0.0	0.0	0.0	-0.0	0.0	-0.0	0.0	0.0	0.0	0.0	-0.0	0.0	-0.0	-0.0	-0.0	-0.0	-0.0	-0.0	-0.0	-0.0	-0.0	-0.0	0.0	-0.0	-0.0	0.0	0.0	-0.0	-0.0	0.0	0.0	-0.0	-0.0	-0.0	1.0	-0.0	0.0	-0.0	-0.0	-0.0	0.0	-0.0	-0.0	-0.0	-0.0	-0.0	-0.0	-0.0	0.0	-0.0	-0.0	0.0	0.0	-0.0	0.0	0.0	0.0	-0.0	-0.0	-0.0	0.0	-0.0	-0.0	-0.0	-0.0	-0.0	-0.0	-0.0	-0.0	-0.0	-0.0	0.0	0.0	-0.0	0.0	-0.0	0.0	0.0	0.0	-0.0	-0.0	-0.0	0.0	-0.0	-0.0	-0.0	-0.0	-0.0	-0.0	-0.0	-0.0	-0.0	-0.0	-0.0	-0.0	0.0	0.0	-0.0	-0.0	-0.0	0.0	0.0	-0.0	-0.0	0.0	0.0	-0.0	0.0	-0.0	0.0	0.0	0.0
 
 
list 2: units dispatching power in scenario NO.1
1.6969907159729285	1.8561205281300257	1.8493073083165195	1.8708257389031966	1.8925314661505563	1.8955514779765346	1.5018958416730364	0.0	0.0	0.0	0.0	0.0	0.0	0.0	0.0	0.0	0.0	0.0	1.4	1.773499999988306	1.8330999999883066	2.2	2.2	1.887499999988306	1.5918999999883061	1.7534999999883065	1.7466999999883064	1.7672999999883063	1.7905999999883062	1.792892052332538	1.4136822562584126	0.0	0.0	0.0	0.0	0.0	0.0	0.0	0.0	0.0	0.0	0.0	1.4	1.773499999988306	1.8330999999883066	2.2000000000000024	2.2	1.8902250448746412	1.6222114304830055	1.759542251972726	1.7473423666956465	1.7674751656216712	1.7906883415224462	1.8057578436420663	1.6684477882234532	1.415560782818733	1.1273012469375723	0.0	0.0	0.0	0.0	0.0	0.0	0.0	0.0	0.0	1.4	1.773499999988306	1.8330999999883066	2.2	2.2	1.8875001837692942	1.5919255877656036	1.7535319282096922	1.74680024009966	1.7681861596268909	1.8240307749957005	1.970227436292428	2.1587208050528197	2.0306367748357	1.7295296230126378	0.0	0.0	0.0	0.0	0.0	0.0	0.0	0.0	1.0205293486445401	1.5205293486445401	1.7266006678834345	1.8543747792314336	2.2	2.2	2.101746238264712	1.9042714387349573	2.010876753779187	1.9706976907681906	2.0231721909839897	2.143767518719225	2.1231084073447644	1.9834810121345394	0.9146347801808351	0.0	0.0	0.0	0.0	0.0	0.0	0.0	0.0	0.0	0.0	1.4	1.773499999988306	1.8330999999883066	2.2	2.2	1.887499999988306	1.5918999999883061	1.7534999999883065	1.746700476825465	1.767447710232171	1.7919708223782593	1.7871899067176038	1.5699387420636999	1.1990831125674979	0.0	0.0	0.0	0.0	0.0	0.0	0.0	0.0	0.0	0.0	1.4	1.773499999988306	1.8330999999883066	2.200000000000002	2.2000000000000024	1.887499999988306	1.5918999999883061	1.7534999999883065	1.7466999999883064	1.7673287443282502	1.7908023950102263	1.7812366130427297	1.497779961629171	0.0	0.0	0.0	0.0	0.0	0.0	0.0	0.0	0.0	0.0	0.0	1.4	1.674045201190553	1.7334175809862575	2.131632088057433	2.1306442953827305	1.7877070118866698
0.0	0.0	0.0	0.0	0.0	0.0	0.20758943338879854	0.6075894333887986	0.10731571959248735	0.10732268191145124	0.10855334070459523	0.10856624624678081	0.10852421640600786	0.10844572357487237	0.10849642959478473	0.10746471748256409	0.106696781843367	0.49763263948594916	0.21300328717378814	0.1	0.1	0.13139999998830634	0.1304999999883061	0.1	0.1	0.1	0.1	0.1	0.1	0.1	0.2766360966048096	0.6766360966048097	0.10729259690453391	0.10731974797472076	0.10854059673487919	0.10856048194714227	0.1085295000000221	0.10845088537149056	0.1084897698915833	0.10743973757684831	0.4532698559103643	0.5777524556153528	0.10000000000000003	0.10000000000000003	0.10000000000000003	0.13142890575749508	0.13077721622410987	0.10000000000000003	0.10000000000000003	0.10000000000000003	0.10000000000000003	0.10000000000000003	0.10000000000000003	0.10000000000000003	0.10000000000000003	0.10000000000000003	0.16675673200210056	0.5667567320021005	0.5498753487297381	0.1084418950455881	0.10837217001695888	0.2939327845692743	0.10846765094714868	0.10744353029439835	0.10665864659645759	0.43640411525192907	0.19003287843625505	0.0	0.0	0.0	0.0	0.0	0.0	0.0	0.0	0.0	0.0	0.0	0.0	0.0	0.0	0.0	0.4626317401162794	0.10846951417401583	0.10848286771378157	0.1084285652996298	0.10847072106859772	0.3122295850494733	0.0	0.0	0.0	0.0	0.0	0.0	0.0	0.0	0.0	0.0	0.0	0.0	0.0	0.1	0.1	0.1	0.10728736800402772	0.10729185820527594	0.10852090094600836	0.10853892918369992	0.10849924607751704	0.10841893217305723	0.10847122487122356	0.10745527344916422	0.1066949732390303	0.47930988699255606	0.19305856016113787	0.1	0.1	0.13139999998830443	0.1304999999883043	0.1	0.1	0.1	0.1	0.1	0.1	0.1	0.1	0.1	0.2826261515030546	0.10731476674646477	0.10853958788626217	0.10855140305157372	0.1085172859732345	0.10844370809077367	0.10849439863336811	0.10746537255860394	0.1066979118725617	0.4579976250331068	0.18554412412302249	0.1	0.1	0.13139999998830454	0.13049999998830428	0.1	0.1	0.1	0.1	0.1	0.1	0.1	0.14396106897799832	0.5439610689779983	0.10731228424650052	0.10730520890965836	0.10852943425958989	0.10854145441994005	0.10849700827149406	0.10841782905826405	0.10846689089786514	0.10744084387321544	0.10668754133572957	0.500720876416259	0.18301582896813895	0.1	0.1	0.1	0.09999999999999999	0.1
0.0	0.0	0.0	0.0	0.0	0.0	0.0	0.0	0.0	0.0	0.0	0.0	0.0	0.0	0.0	0.0	0.0	0.19999999999999993	0.19999999999999993	0.0	0.0	0.0	0.0	0.0	0.0	0.0	0.0	0.0	0.0	0.0	0.0	0.0	0.0	0.0	0.0	0.0	0.0	0.0	0.0	0.0	0.40000000000000013	0.40000000000000013	0.30558703205879023	0.0	0.0	0.0	0.0	0.0	0.0	0.0	0.0	0.0	0.0	0.0	0.0	0.0	0.0	0.0	0.0	0.0	0.0	0.0	0.0	0.0	0.0	0.2	0.2	0.09999999999999999	0.1	0.13139999998830643	0.1304999999883063	0.1	0.1	0.1	0.1	0.1	0.1	0.1	0.10000000000000007	0.10000000000000007	0.10000000000000007	0.10721768461293524	0.20000000000000015	0.0	0.0	0.0	0.0	0.20000000000000007	0.10669295280920324	0.10000000000000003	0.41080159312027487	0.2	0.2	0.3219402441747139	0.3058405009630887	0.09999999999999999	0.0	0.0	0.0	0.0	0.0	0.0	0.0	0.0	0.0	0.0	0.0	0.0	0.0	0.0	0.0	0.0	0.0	0.20000000000000015	0.20000000000000015	0.0	0.0	0.0	0.0	0.0	0.0	0.0	0.0	0.0	0.0	0.0	0.0	0.0	0.0	0.0	0.0	0.0	0.0	0.0	0.0	0.0	0.0	0.20000000000000015	0.20000000000000015	0.0	0.0	0.0	0.0	0.0	0.0	0.0	0.0	0.0	0.0	0.0	0.0	0.0	0.0	0.0	0.0	0.0	0.0	0.0	0.0	0.0	0.0	0.2	0.2	0.1	0.1	0.1	0.10000000000000005	0.1
 
list 3: spolied wind power
0.0	0.0	0.0	0.0	0.0	0.0	0.0	0.0	0.0	0.0	0.0	0.0	0.0	0.0	0.0	0.0	0.0	0.0	0.0	0.0	0.0	0.0	0.0	0.0	0.0	0.0	0.0	0.0	0.0	0.0	0.0	0.0	0.0	0.0	0.0	0.0	0.0	0.009533857301977644	0.0	0.0	0.0	0.0	0.0	0.0	0.0	0.0	0.0	0.0	0.0	0.0	0.0	0.0	0.0	0.0	0.0	0.0	0.0	0.0	0.0	0.0	0.24410357326840032	0.0	0.0	0.0	0.04500418991773132	0.0	0.0	0.0	0.0	0.0	0.0	0.0	0.0	0.0	0.0	0.0	0.0	0.0	0.0	0.0	0.0	0.0	0.0	0.0	0.0	0.0	0.0	0.0	0.0	0.0	0.0	0.0	0.0	0.0	0.0	0.0	0.0	0.0	0.0	0.0	0.0	0.0	0.0	0.0	0.0	0.0	0.0	0.0	0.0	0.0	0.0	0.0	0.0	0.0	0.0	0.0	0.0	0.0	0.0	0.0	0.0	0.0	0.0	0.0	0.0	0.0	0.0	0.0	0.0	0.0	0.0	0.0	0.0	0.0	0.0	0.0	0.0	0.0	0.0	0.0	0.0	0.0	0.0	0.0	0.0	0.0	0.0	0.0	0.0	0.0	0.0	0.0	0.0	0.0	0.0	0.0	0.0	0.0	0.0	0.0	0.0	0.0	0.0	0.0	0.0	0.0	0.0	0.0
0.0	0.0	0.0	0.0	0.0	0.0	0.0	0.0	0.0	0.0	0.0	0.0	0.054568788057438145	0.0	0.0	0.0	0.0	0.0	0.0	0.0	0.0	0.0	0.0	0.0	0.0	0.0	0.0	0.0	0.0	0.0	0.0	0.0	0.0	0.0	0.0	0.0	0.09672950018278792	0.0	0.0	0.0	0.0	0.0	0.0	0.0	0.0	0.0	0.0	0.0	0.0	0.0	0.0	0.0	0.0	0.0	0.0	0.0	0.0	0.0	0.0	0.0	0.08518886809068821	0.0	0.0	0.0	0.0	0.0	0.0	0.0	0.0	0.0	0.0	0.0	0.0	0.0	0.0	0.0	0.0	0.0	0.0	0.0	0.0	0.0	0.0	0.0	0.0	0.0	0.0	0.0	0.0	0.0	0.0	0.0	0.0	0.0	0.0	0.0	0.0	0.0	0.0	0.0	0.0	0.0	0.0	0.0	0.0	0.0	0.0	0.0	0.0	0.0	0.0	0.0	0.0	0.0	0.0	0.0	0.0	0.0	0.0	0.0	0.0	0.0	0.0	0.0	0.0	0.0	0.0	0.0	0.0	0.0	0.0	0.0	0.0	0.0	0.0	0.0	0.0	0.0	0.0	0.0	0.0	0.0	0.0	0.0	0.0	0.0	0.0	0.0	0.0	0.0	0.0	0.0	0.0	0.0	0.0	0.0	0.0	0.0	0.0	0.0	0.0	0.0	0.0	0.0	0.0	0.0	0.0	0.0
 
list 4: spolied pvs power
0.0	0.0	0.0	0.0	0.0	0.0	0.0	0.0	0.0	0.0	0.0	0.0	2.707844951619347	0.0	2.0387699461498436	1.5490444385074553	0.0	0.0	0.0	0.0	0.0	0.0	0.0	0.0	0.0	0.0	0.0	0.0	0.0	0.0	0.0	0.0	0.0	1.9312873435062121	2.027988354802269	2.5552716362240284	0.0	2.637082971918794	1.9322080352245312	1.149340967150272	0.0	0.0	0.0	0.0	0.0	0.0	0.0	0.0	0.0	0.0	0.0	0.0	0.0	0.0	0.0	0.0	0.0	0.0	0.0	0.0	0.0	0.0	0.0	0.0	0.0	0.0	0.0	0.0	0.0	0.0	0.0	0.0	0.0	0.0	0.0	0.0	0.0	0.0	0.0	0.0	0.0	0.0	0.0	0.0	2.10056628821876	2.289473359376371	1.6274078186307626	0.0	0.5939379000604331	0.0	0.0	0.0	0.0	0.0	0.0	0.0	0.0	0.0	0.0	0.0	0.0	0.0	0.0	0.0	0.4455754324474205	1.4850231426194649	0.0	0.0	0.0	0.0	1.6354691644483914	0.0	0.0	0.0	0.0	0.0	0.0	0.0	0.0	0.0	0.0	0.0	0.0	0.0	0.0	0.0	0.0	0.0	0.0	1.8515827101766917	0.0	2.410000228231076	2.6512928577250126	0.0	2.0062725325230066	0.0	0.6732878728597138	0.0	0.0	0.0	0.0	0.0	0.0	0.0	0.0	0.0	0.0	0.0	0.0	0.0	0.0	0.0	0.0	0.0	1.849377587697584	0.0	0.0	0.0	1.566121256740192	0.0	0.0	0.0	0.0	0.0	0.0	0.0	0.0	0.0
0.0	0.0	0.0	0.0	0.0	0.0	0.0	0.0	0.8992291993902871	1.9782332651310406	2.2319046142280285	2.647506194739562	0.0	2.56402292153225	0.0	0.0	0.6552062757149415	0.0	0.0	0.0	0.0	0.0	0.0	0.0	0.0	0.0	0.0	0.0	0.0	0.0	0.0	0.0	0.5292430694471206	0.0	0.0	0.0	2.750000000171072	0.0	0.0	0.0	0.0	0.0	0.0	0.0	0.0	0.0	0.0	0.0	0.0	0.0	0.0	0.0	0.0	0.0	0.0	0.0	0.0	0.0	0.0	0.6577626244549777	0.0	0.0	1.578282805325844	1.2100282406674976	0.0	0.0	0.0	0.0	0.0	0.0	0.0	0.0	0.0	0.0	0.0	0.0	0.0	0.0	0.0	0.0	0.0	0.2981714915755945	0.0	1.0996962984272036	0.0	0.0	0.0	0.0	0.0	0.0	0.0	0.0	0.0	0.0	0.0	0.0	0.0	0.0	0.0	0.0	0.0	0.0	0.0	0.0	0.0	0.0	1.7128360370797129	2.210405868382881	2.36263648635054	2.135333701089138	0.0	1.397930460077151	0.6262667977240604	0.0	0.0	0.0	0.0	0.0	0.0	0.0	0.0	0.0	0.0	0.0	0.0	0.0	0.0	0.0	0.0	0.0	2.0118457680803212	0.0	0.0	2.5317731604694176	0.0	1.559526310221603	0.0	0.0	0.0	0.0	0.0	0.0	0.0	0.0	0.0	0.0	0.0	0.0	0.0	0.0	0.0	0.0	0.8442602282548687	1.698647763443401	0.0	2.2508121734605644	2.327055773961828	2.1176827612831666	0.0	1.1670428153203793	0.5073489130091824	0.0	0.0	0.0	0.0	0.0	0.0	0.0
 
list 5: forced load curtailments
0.0	0.0	0.0	0.0	0.0	0.0	0.0	0.0	0.0	0.0	0.0	0.0	0.0	0.0	0.0	0.0	0.0	0.0	0.0	0.0	0.0	0.0	0.0	0.0	0.0	0.0	0.0	0.0	0.0	0.0	0.0	0.0	0.0	0.0	0.0	0.0	0.0	0.0	0.0	0.0	0.0	0.0	0.0	0.0	0.0	0.0	0.0	0.0	0.0	0.0	0.0	0.0	0.0	0.0	0.0	0.0	0.0	0.0	0.0	0.0	0.0	0.0	0.0	0.0	0.0	0.0	0.0	0.0	0.0	0.0	0.0	0.0	0.0	0.0	0.0	0.0	0.0	0.0	0.0	0.0	0.0	0.0	0.0	0.0	0.0	0.0	0.0	0.0	0.0	0.0	0.0	0.0	0.0	0.0	0.0	0.0	0.0	0.0	0.0	0.0	0.0	0.0	0.0	0.0	0.0	0.0	0.0	0.0	0.0	0.0	0.0	0.0	0.0	0.0	0.0	0.0	0.0	0.0	0.0	0.0	0.0	0.0	0.0	0.0	0.0	0.0	0.0	0.0	0.0	0.0	0.0	0.0	0.0	0.0	0.0	0.0	0.0	0.0	0.0	0.0	0.0	0.0	0.0	0.0	0.0	0.0	0.0	0.0	0.0	0.0	0.0	0.0	0.0	0.0	0.0	0.0	0.0	0.0	0.0	0.0	0.0	0.0	0.0	0.0	0.0	0.0	0.0	0.0
0.0	0.0	0.0	0.0	0.0	0.0	0.0	0.0	0.0	0.0	0.0	0.0	0.0	0.0	0.0	0.0	0.0	0.0	0.0	0.0	0.0	0.0	0.0	0.0	0.0	0.0	0.0	0.0	0.0	0.0	0.0	0.0	0.0	0.0	0.0	0.0	0.0	0.0	0.0	0.0	0.0	0.0	0.0	0.0	0.0	0.0	0.0	0.0	0.0	0.0	0.0	0.0	0.0	0.0	0.0	0.0	0.0	0.0	0.0	0.0	0.0	0.0	0.0	0.0	0.0	0.0	0.0	0.0	0.0	0.0	0.0	0.0	0.0	0.0	0.0	0.0	0.0	0.0	0.0	0.0	0.0	0.0	0.0	0.0	0.0	0.0	0.0	0.0	0.0	0.0	0.0	0.0	0.0	0.0	0.0	0.0	0.0	0.0	0.0	0.0	0.0	0.0	0.0	0.0	0.0	0.0	0.0	0.0	0.0	0.0	0.0	0.0	0.0	0.0	0.0	0.0	0.0	0.0	0.0	0.0	0.0	0.0	0.0	0.0	0.0	0.0	0.0	0.0	0.0	0.0	0.0	0.0	0.0	0.0	0.0	0.0	0.0	0.0	0.0	0.0	0.0	0.0	0.0	0.0	0.0	0.0	0.0	0.0	0.0	0.0	0.0	0.0	0.0	0.0	0.0	0.0	0.0	0.0	0.0	0.0	0.0	0.0	0.0	0.0	0.0	0.0	0.0	0.0
0.0	0.0	0.0	0.0	0.0	0.0	0.0	0.0	0.0	0.0	0.0	0.0	0.0	0.0	0.0	0.0	0.0	0.0	0.0	0.0	0.0	0.0	0.0	0.0	0.0	0.0	0.0	0.0	0.0	0.0	0.0	0.0	0.0	0.0	0.0	0.0	0.0	0.0	0.0	0.0	0.0	0.0	0.0	0.0	0.0	0.0	0.0	0.0	0.0	0.0	0.0	0.0	0.0	0.0	0.0	0.0	0.0	0.0	0.0	0.0	0.0	0.0	0.0	0.0	0.0	0.0	0.0	0.0	0.0	0.0	0.0	0.0	0.0	0.0	0.0	0.0	0.0	0.0	0.0	0.0	0.0	0.0	0.0	0.0	0.0	0.0	0.0	0.0	0.0	0.0	0.0	0.0	0.0	0.0	0.0	0.0	0.0	0.0	0.0	0.0	0.0	0.0	0.0	0.0	0.0	0.0	0.0	0.0	0.0	0.0	0.0	0.0	0.0	0.0	0.0	0.0	0.0	0.0	0.0	0.0	0.0	0.0	0.0	0.0	0.0	0.0	0.0	0.0	0.0	0.0	0.0	0.0	0.0	0.0	0.0	0.0	0.0	0.0	0.0	0.0	0.0	0.0	0.0	0.0	0.0	0.0	0.0	0.0	0.0	0.0	0.0	0.0	0.0	0.0	0.0	0.0	0.0	0.0	0.0	0.0	0.0	0.0	0.0	0.0	0.0	0.0	0.0	0.0
 
list 10: sr⁺
0.005510681830251692	0.005914836216991875	0.005897837043230218	0.005949279641318551	0.00600762928336559	0.006146328032626466	0.006898775920308634	0.0	0.0	0.0	0.0	0.0	0.0	0.0	0.0	0.0	0.0	0.0	0.0	0.005965000000000731	0.0061140000000007326	0.0	0.0	0.006250000000000731	0.0055110000000007315	0.005915000000000732	0.005898000000000732	0.005949500000000732	0.0	0.0	0.006899973852946047	0.0	0.0	0.0	0.0	0.0	0.0	0.0	0.0	0.0	0.0	0.0	0.0	0.0	0.0061140000000007326	0.0	0.0	0.006249829684695334	0.005509105535594813	0.005914622359251705	0.0	0.005949489052148646	0.006007744478654847	0.00614569013477237	0.0	0.007346777451073829	0.0	0.0	0.0	0.0	0.0	0.0	0.0	0.0	0.0	0.0	0.0	0.005965000000000731	0.0061140000000007326	0.0	0.0	0.006249999988514419	0.00551099840076465	0.0059149980044868955	0.005897993734993771	0.00594944461502332	0.006005660576562768	0.0061354107852317225	0.006864448699684197	0.007308335201572769	0.007151879398561709	0.0	0.0	0.0	0.0	0.0	0.0	0.0	0.0	0.006252679415709717	0.0	0.0059616812082572855	0.006106420326298037	0.0	0.0	0.006236609610108455	0.005497726785079066	0.0059051639528888014	0.005890250144326988	0.005939757988063501	0.005991927030080049	0.006125855724540952	0.0	0.007378085326238698	0.0	0.0	0.0	0.0	0.0	0.0	0.0	0.0	0.0	0.0	0.0	0.005965000000000731	0.0061140000000007326	0.0	0.0	0.006250000000000731	0.0055110000000007315	0.0	0.005897999970198409	0.0	0.006007664323601359	0.006146850630830149	0.0	0.0	0.0	0.0	0.0	0.0	0.0	0.0	0.0	0.0	0.0	0.0	0.0	0.005965000000000731	0.0061140000000007326	0.0	0.0	0.006250000000000731	0.0055110000000007315	0.005915000000000732	0.005898000000000732	0.0	0.0	0.0	0.0	0.0	0.0	0.0	0.0	0.0	0.0	0.0	0.0	0.0	0.0	0.0	0.00644779276068949	0.00596496592492559	0.00611398015118836	0.0071097354944964115	0.0	0.006249987061757082
0.0	0.0	0.0	0.0	0.0	0.0	0.0	0.0074035256604132	0.007315719592487361	0.007322681911451134	0.008553340704595234	0.0085662462467808	0.008524230595204425	0.008445723574872279	0.008496429594784692	0.0074647174825640565	0.006696781843366974	0.00627911046003213	0.0064459185445516366	0.0	0.0	0.007109750000000802	0.007107500000000711	0.0	0.0	0.0	0.0	0.0	0.0060077500000006445	0.006146494246729306	0.0	0.007399210243962173	0.007292596904533911	0.007319747974720719	0.008540596734879276	0.008560481947142307	0.008529500000022115	0.008450885371490581	0.00848976989158331	0.00743973757684834	0.0066091706340056025	0.0062616029715240416	0.0	0.005965000000000731	0.0	0.007109748193390158	0.007107482673985994	0.0	0.0	0.0	0.005897959852081415	0.0	0.0	0.0	0.006895090763236135	0.0	0.0071853463763162945	0.007170327704249857	0.008386264040704394	0.008441895045588088	0.00837217001695878	0.008273879200964422	0.008467650947148669	0.007443530294398319	0.00665864659645758	0.0062829372427967555	0.006447354195097733	0.0	0.0	0.0	0.0	0.0	0.0	0.0	0.0	0.0	0.0	0.0	0.0	0.0	0.0	0.0	0.008379216766242734	0.008469514174015825	0.008482867713781561	0.008428565299629875	0.008470721068597635	0.007342604400934409	0.0	0.0	0.0	0.0	0.0	0.0	0.0	0.0	0.0	0.0	0.0	0.0	0.0	0.0	0.00687540118674157	0.0	0.007287368004027711	0.0072918582052758875	0.008520900946008325	0.008538929183699917	0.008499246077517064	0.008418932173057257	0.008471224871223574	0.007455273449164251	0.0066949732390303145	0.006280255632062966	0.006447165089989927	0.0	0.0	0.007109750000000733	0.007107500000000732	0.0	0.0	0.005915000000000781	0.0	0.005949490768110577	0.0	0.0	0.006901247578620984	0.007360307305464442	0.007248560865531058	0.00731476674646439	0.008539587886262131	0.00855140305157372	0.008517285973234487	0.008443708090773772	0.008494398633368103	0.007465372558603938	0.006697911872561634	0.006281587648435432	0.00644763474224231	0.0	0.0	0.007109750000000733	0.007107500000000732	0.0	0.0	0.0	0.0	0.005949498203479564	0.006007737350311793	0.006147222711684774	0.006903009935587124	0.007407502433188772	0.007312284246500522	0.00730520890965836	0.008529434259589852	0.00854145441994004	0.008497022422855646	0.008417829058264157	0.008466890897865145	0.007440843873215449	0.006687541335729684	0.0062789174452239855	0.0	0.0	0.0	0.0	0.007107490981538581	0.0
0.0	0.0	0.0	0.0	0.0	0.0	0.0	0.0	0.0	0.0	0.0	0.0	0.0	0.0	0.0	0.0	0.0	0.0	0.0	0.0	0.0	0.0	0.0	0.0	0.0	0.0	0.0	0.0	0.0	0.0	0.0	0.0	0.0	0.0	0.0	0.0	0.0	0.0	0.0	0.0	0.0	0.0	0.006446382060496325	0.0	0.0	0.0	0.0	0.0	0.0	0.0	0.0	0.0	0.0	0.0	0.0	0.0	0.0	0.0	0.0	0.0	0.0	0.0	0.0	0.0	0.0	0.0	0.0	0.0	0.0	0.007109750000000733	0.007107500000000732	0.0	0.0	0.0	0.0	0.0	0.0	0.0	0.0	0.0	0.0	0.007217684612935182	0.0	0.0	0.0	0.0	0.0	0.0	0.006692952809203202	0.0	0.006438523066139698	0.0	0.0	0.007097841234739082	0.007096541218689801	0.0	0.0	0.0	0.0	0.0	0.0	0.0	0.0	0.0	0.0	0.0	0.0	0.0	0.0	0.0	0.0	0.0	0.0	0.0	0.0	0.0	0.0	0.0	0.0	0.0	0.0	0.0	0.0	0.0	0.0	0.0	0.0	0.0	0.0	0.0	0.0	0.0	0.0	0.0	0.0	0.0	0.0	0.0	0.0	0.0	0.0	0.0	0.0	0.0	0.0	0.0	0.0	0.0	0.0	0.0	0.0	0.0	0.0	0.0	0.0	0.0	0.0	0.0	0.0	0.0	0.0	0.0	0.0	0.0	0.0	0.0	0.0	0.0
 
 
list 11: sr⁻
0.005510681830251692	0.005914836216991875	0.005897837043230218	0.005949279641318551	0.00600762928336559	0.006146328032626466	0.006898775920308634	0.0	0.0	0.0	0.0	0.0	0.0	0.0	0.0	0.0	0.0	0.0	0.0064459185445516366	0.005965000000000731	0.0061140000000007326	0.0	0.0	0.006250000000000731	0.0055110000000007315	0.005915000000000732	0.005898000000000732	0.005949500000000732	0.006007750000000731	0.006146494246729216	0.006899973852946047	0.0	0.0	0.0	0.0	0.0	0.0	0.0	0.0	0.0	0.0	0.0	0.006446382060496325	0.005965000000000731	0.0061140000000007326	0.007109748193390158	0.007107482673985994	0.006249829684695334	0.005509105535594813	0.005914622359251705	0.005897959852081523	0.005949489052148646	0.006007744478654847	0.00614569013477237	0.006895090763236033	0.007346777451073829	0.0	0.0	0.0	0.0	0.0	0.0	0.0	0.0	0.0	0.0	0.006447354195097733	0.005965000000000731	0.0061140000000007326	0.007109750000000733	0.007107500000000732	0.006249999988514419	0.00551099840076465	0.0059149980044868955	0.005897993734993771	0.00594944461502332	0.006005660576562768	0.0061354107852317225	0.006864448699684197	0.007308335201572769	0.007151879398561709	0.0	0.0	0.0	0.0	0.0	0.0	0.0	0.0	0.006252679415709717	0.006438523066139698	0.0059616812082572855	0.006106420326298037	0.007097841234739082	0.007096541218689808	0.006236609610108455	0.005497726785079066	0.0059051639528888014	0.005890250144326988	0.005939757988063501	0.005991927030080049	0.006125855724540952	0.00687540118674159	0.007378085326238698	0.0	0.0	0.0	0.0	0.0	0.0	0.0	0.0	0.0	0.0	0.006447165089989927	0.005965000000000731	0.0061140000000007326	0.007109750000000733	0.007107500000000732	0.006250000000000731	0.0055110000000007315	0.005915000000000732	0.005897999970198409	0.00594949076811049	0.006007664323601359	0.006146850630830149	0.0069012475786210175	0.007360307305464531	0.0	0.0	0.0	0.0	0.0	0.0	0.0	0.0	0.0	0.0	0.00644763474224231	0.005965000000000731	0.0061140000000007326	0.007109750000000733	0.007107500000000732	0.006250000000000731	0.0055110000000007315	0.005915000000000732	0.005898000000000732	0.005949498203479485	0.006007737350311861	0.006147222711684829	0.00690300993558705	0.0	0.0	0.0	0.0	0.0	0.0	0.0	0.0	0.0	0.0	0.0	0.00644779276068949	0.00596496592492559	0.00611398015118836	0.0071097354944964115	0.007107490981538581	0.006249987061757082
0.0	0.0	0.0	0.0	0.0	0.0	0.0	0.0074035256604132	0.007315719592487349	0.007322681911451225	0.008553340704595217	0.0085662462467808	0.008524230595204425	0.008445723574872338	0.008496429594784695	0.0074647174825640565	0.006696781843366974	0.00627911046003213	0.0	0.0	0.0	0.00710975000000201	0.007107500000001904	0.0	0.0	0.0	0.0	0.0	0.0	0.0	0.0	0.007399210243962199	0.007292596904533911	0.007319747974720719	0.008540596734879214	0.008560481947142307	0.008529500000022115	0.008450885371490581	0.00848976989158331	0.00743973757684834	0.0066091706340056025	0.0	0.0	0.0	0.0	0.0	0.0	0.0	0.0	0.0	0.0	0.0	0.0	0.0	0.0	0.0	0.007185346376316269	0.007170327704249869	0.008386264040704394	0.008441895045588088	0.008372170016958882	0.008273879200964422	0.008467650947148669	0.007443530294398319	0.00665864659645758	0.0062829372427967555	0.0	0.0	0.0	0.0	0.0	0.0	0.0	0.0	0.0	0.0	0.0	0.0	0.0	0.0	0.0	0.0	0.008379216766242734	0.008469514174015825	0.008482867713781561	0.008428565299629797	0.008470721068597635	0.007342604400934409	0.0	0.0	0.0	0.0	0.0	0.0	0.0	0.0	0.0	0.0	0.0	0.0	0.0	0.0	0.0	0.0	0.007287368004027711	0.0072918582052758875	0.008520900946008358	0.00853892918369995	0.008499246077517064	0.008418932173057257	0.008471224871223574	0.007455273449164252	0.0066949732390303145	0.0	0.0	0.0	0.0	0.0	0.0	0.0	0.0	0.0	0.0	0.0	0.0	0.0	0.0	0.0	0.0072485608655311114	0.00731476674646439	0.008539587886262134	0.00855140305157372	0.008517285973234487	0.008443708090773668	0.008494398633368103	0.007465372558603937	0.006697911872561697	0.006281587648435432	0.0	0.0	0.0	0.0	0.0	0.0	0.0	0.0	0.0	0.0	0.0	0.0	0.0	0.007407502433188875	0.007312284246500522	0.00730520890965836	0.008529434259589876	0.00854145441994004	0.008497022422855646	0.008417829058264058	0.008466890897865145	0.007440843873215449	0.006687541335729592	0.0	0.0	0.0	0.0	0.0	0.0	0.0
0.0	0.0	0.0	0.0	0.0	0.0	0.0	0.0	0.0	0.0	0.0	0.0	0.0	0.0	0.0	0.0	0.0	0.0	0.0	0.0	0.0	0.0	0.0	0.0	0.0	0.0	0.0	0.0	0.0	0.0	0.0	0.0	0.0	0.0	0.0	0.0	0.0	0.0	0.0	0.0	0.0	0.0062616029715240416	0.0	0.0	0.0	0.0	0.0	0.0	0.0	0.0	0.0	0.0	0.0	0.0	0.0	0.0	0.0	0.0	0.0	0.0	0.0	0.0	0.0	0.0	0.0	0.0	0.0	0.0	0.0	0.0	0.0	0.0	0.0	0.0	0.0	0.0	0.0	0.0	0.0	0.0	0.0	0.007217684612935168	0.0	0.0	0.0	0.0	0.0	0.0	0.006692952809203202	0.0	0.0	0.0	0.0	0.0	0.0	0.0	0.0	0.0	0.0	0.0	0.0	0.0	0.0	0.0	0.0	0.0	0.0	0.0	0.0	0.0	0.0	0.0	0.0	0.006280255632062971	0.0	0.0	0.0	0.0	0.0	0.0	0.0	0.0	0.0	0.0	0.0	0.0	0.0	0.0	0.0	0.0	0.0	0.0	0.0	0.0	0.0	0.0	0.0	0.0	0.0	0.0	0.0	0.0	0.0	0.0	0.0	0.0	0.0	0.0	0.0	0.0	0.0	0.0	0.0	0.0	0.0	0.0	0.0	0.0	0.0	0.0	0.0	0.0062789174452239855	0.0	0.0	0.0	0.0	0.0	0.0
 
 
list 11: pg₀
1.6969907159729285	1.8561205281300257	1.8493073083165195	1.8708257389031966	1.8925314661505563	1.8955514779765346	1.5018958416730364	0.0	0.0	0.0	0.0	0.0	0.0	0.0	0.0	0.0	0.0	0.0	1.4	1.773499999988306	1.8330999999883066	2.2	2.2	1.887499999988306	1.5918999999883061	1.7534999999883065	1.7466999999883064	1.7672999999883063	1.7905999999883062	1.792892052332538	1.4136822562584126	0.0	0.0	0.0	0.0	0.0	0.0	0.0	0.0	0.0	0.0	0.0	1.4	1.773499999988306	1.8330999999883066	2.2000000000000024	2.2	1.8902250448746412	1.6222114304830055	1.759542251972726	1.7473423666956465	1.7674751656216712	1.7906883415224462	1.8057578436420663	1.6684477882234532	1.415560782818733	1.1273012469375723	0.0	0.0	0.0	0.0	0.0	0.0	0.0	0.0	0.0	1.4	1.773499999988306	1.8330999999883066	2.2	2.2	1.8875001837692942	1.5919255877656036	1.7535319282096922	1.74680024009966	1.7681861596268909	1.8240307749957005	1.970227436292428	2.1587208050528197	2.0306367748357	1.7295296230126378	0.0	0.0	0.0	0.0	0.0	0.0	0.0	0.0	1.0205293486445401	1.5205293486445401	1.7266006678834345	1.8543747792314336	2.2	2.2	2.101746238264712	1.9042714387349573	2.010876753779187	1.9706976907681906	2.0231721909839897	2.143767518719225	2.1231084073447644	1.9834810121345394	0.9146347801808351	0.0	0.0	0.0	0.0	0.0	0.0	0.0	0.0	0.0	0.0	1.4	1.773499999988306	1.8330999999883066	2.2	2.2	1.887499999988306	1.5918999999883061	1.7534999999883065	1.746700476825465	1.767447710232171	1.7919708223782593	1.7871899067176038	1.5699387420636999	1.1990831125674979	0.0	0.0	0.0	0.0	0.0	0.0	0.0	0.0	0.0	0.0	1.4	1.773499999988306	1.8330999999883066	2.200000000000002	2.2000000000000024	1.887499999988306	1.5918999999883061	1.7534999999883065	1.7466999999883064	1.7673287443282502	1.7908023950102263	1.7812366130427297	1.497779961629171	0.0	0.0	0.0	0.0	0.0	0.0	0.0	0.0	0.0	0.0	0.0	1.4	1.674045201190553	1.7334175809862575	2.131632088057433	2.1306442953827305	1.7877070118866698
0.0	0.0	0.0	0.0	0.0	0.0	0.20758943338879854	0.6075894333887986	0.10731571959248735	0.10732268191145124	0.10855334070459523	0.10856624624678081	0.10852421640600786	0.10844572357487237	0.10849642959478473	0.10746471748256409	0.106696781843367	0.49763263948594916	0.21300328717378814	0.1	0.1	0.13139999998830634	0.1304999999883061	0.1	0.1	0.1	0.1	0.1	0.1	0.1	0.2766360966048096	0.6766360966048097	0.10729259690453391	0.10731974797472076	0.10854059673487919	0.10856048194714227	0.1085295000000221	0.10845088537149056	0.1084897698915833	0.10743973757684831	0.4532698559103643	0.5777524556153528	0.10000000000000003	0.10000000000000003	0.10000000000000003	0.13142890575749508	0.13077721622410987	0.10000000000000003	0.10000000000000003	0.10000000000000003	0.10000000000000003	0.10000000000000003	0.10000000000000003	0.10000000000000003	0.10000000000000003	0.10000000000000003	0.16675673200210056	0.5667567320021005	0.5498753487297381	0.1084418950455881	0.10837217001695888	0.2939327845692743	0.10846765094714868	0.10744353029439835	0.10665864659645759	0.43640411525192907	0.19003287843625505	0.0	0.0	0.0	0.0	0.0	0.0	0.0	0.0	0.0	0.0	0.0	0.0	0.0	0.0	0.0	0.4626317401162794	0.10846951417401583	0.10848286771378157	0.1084285652996298	0.10847072106859772	0.3122295850494733	0.0	0.0	0.0	0.0	0.0	0.0	0.0	0.0	0.0	0.0	0.0	0.0	0.0	0.1	0.1	0.1	0.10728736800402772	0.10729185820527594	0.10852090094600836	0.10853892918369992	0.10849924607751704	0.10841893217305723	0.10847122487122356	0.10745527344916422	0.1066949732390303	0.47930988699255606	0.19305856016113787	0.1	0.1	0.13139999998830443	0.1304999999883043	0.1	0.1	0.1	0.1	0.1	0.1	0.1	0.1	0.1	0.2826261515030546	0.10731476674646477	0.10853958788626217	0.10855140305157372	0.1085172859732345	0.10844370809077367	0.10849439863336811	0.10746537255860394	0.1066979118725617	0.4579976250331068	0.18554412412302249	0.1	0.1	0.13139999998830454	0.13049999998830428	0.1	0.1	0.1	0.1	0.1	0.1	0.1	0.14396106897799832	0.5439610689779983	0.10731228424650052	0.10730520890965836	0.10852943425958989	0.10854145441994005	0.10849700827149406	0.10841782905826405	0.10846689089786514	0.10744084387321544	0.10668754133572957	0.500720876416259	0.18301582896813895	0.1	0.1	0.1	0.09999999999999999	0.1
0.0	0.0	0.0	0.0	0.0	0.0	0.0	0.0	0.0	0.0	0.0	0.0	0.0	0.0	0.0	0.0	0.0	0.19999999999999993	0.19999999999999993	0.0	0.0	0.0	0.0	0.0	0.0	0.0	0.0	0.0	0.0	0.0	0.0	0.0	0.0	0.0	0.0	0.0	0.0	0.0	0.0	0.0	0.40000000000000013	0.40000000000000013	0.30558703205879023	0.0	0.0	0.0	0.0	0.0	0.0	0.0	0.0	0.0	0.0	0.0	0.0	0.0	0.0	0.0	0.0	0.0	0.0	0.0	0.0	0.0	0.0	0.2	0.2	0.09999999999999999	0.1	0.13139999998830643	0.1304999999883063	0.1	0.1	0.1	0.1	0.1	0.1	0.1	0.10000000000000007	0.10000000000000007	0.10000000000000007	0.10721768461293524	0.20000000000000015	0.0	0.0	0.0	0.0	0.20000000000000007	0.10669295280920324	0.10000000000000003	0.41080159312027487	0.2	0.2	0.3219402441747139	0.3058405009630887	0.09999999999999999	0.0	0.0	0.0	0.0	0.0	0.0	0.0	0.0	0.0	0.0	0.0	0.0	0.0	0.0	0.0	0.0	0.0	0.20000000000000015	0.20000000000000015	0.0	0.0	0.0	0.0	0.0	0.0	0.0	0.0	0.0	0.0	0.0	0.0	0.0	0.0	0.0	0.0	0.0	0.0	0.0	0.0	0.0	0.0	0.20000000000000015	0.20000000000000015	0.0	0.0	0.0	0.0	0.0	0.0	0.0	0.0	0.0	0.0	0.0	0.0	0.0	0.0	0.0	0.0	0.0	0.0	0.0	0.0	0.0	0.0	0.2	0.2	0.1	0.1	0.1	0.10000000000000005	0.1
 
 
list 11: each_pg₀
1.6969907159729285	1.8561205281300257	1.8493073083165195	1.8708257389031966	1.8925314661505563	1.8955514779765346	1.5018958416730364	0.0	0.0	0.0	0.0	0.0	0.0	0.0	0.0	0.0	0.0	0.0	1.4	1.773499999988306	1.8330999999883066	2.2	2.2	1.887499999988306	1.5918999999883061	1.7534999999883065	1.7466999999883064	1.7672999999883063	1.7905999999883062	1.792892052332538	1.4136822562584126	0.0	0.0	0.0	0.0	0.0	0.0	0.0	0.0	0.0	0.0	0.0	1.4	1.773499999988306	1.8330999999883066	2.2000000000000024	2.2	1.8902250448746412	1.6222114304830055	1.759542251972726	1.7473423666956465	1.7674751656216712	1.7906883415224462	1.8057578436420663	1.6684477882234532	1.415560782818733	1.1273012469375723	0.0	0.0	0.0	0.0	0.0	0.0	0.0	0.0	0.0	1.4	1.773499999988306	1.8330999999883066	2.2	2.2	1.8875001837692942	1.5919255877656036	1.7535319282096922	1.74680024009966	1.7681861596268909	1.8240307749957005	1.970227436292428	2.1587208050528197	2.0306367748357	1.7295296230126378	0.0	0.0	0.0	0.0	0.0	0.0	0.0	0.0	1.0205293486445401	1.5205293486445401	1.7266006678834345	1.8543747792314336	2.2	2.2	2.101746238264712	1.9042714387349573	2.010876753779187	1.9706976907681906	2.0231721909839897	2.143767518719225	2.1231084073447644	1.9834810121345394	0.9146347801808351	0.0	0.0	0.0	0.0	0.0	0.0	0.0	0.0	0.0	0.0	1.4	1.773499999988306	1.8330999999883066	2.2	2.2	1.887499999988306	1.5918999999883061	1.7534999999883065	1.746700476825465	1.767447710232171	1.7919708223782593	1.7871899067176038	1.5699387420636999	1.1990831125674979	0.0	0.0	0.0	0.0	0.0	0.0	0.0	0.0	0.0	0.0	1.4	1.773499999988306	1.8330999999883066	2.200000000000002	2.2000000000000024	1.887499999988306	1.5918999999883061	1.7534999999883065	1.7466999999883064	1.7673287443282502	1.7908023950102263	1.7812366130427297	1.497779961629171	0.0	0.0	0.0	0.0	0.0	0.0	0.0	0.0	0.0	0.0	0.0	1.4	1.674045201190553	1.7334175809862575	2.131632088057433	2.1306442953827305	1.7877070118866698
0.0	0.0	0.0	0.0	0.0	0.0	0.20758943338879854	0.6075894333887986	0.10731571959248735	0.10732268191145124	0.10855334070459523	0.10856624624678081	0.10852421640600786	0.10844572357487237	0.10849642959478473	0.10746471748256409	0.106696781843367	0.49763263948594916	0.21300328717378814	0.1	0.1	0.13139999998830634	0.1304999999883061	0.1	0.1	0.1	0.1	0.1	0.1	0.1	0.2766360966048096	0.6766360966048097	0.10729259690453391	0.10731974797472076	0.10854059673487919	0.10856048194714227	0.1085295000000221	0.10845088537149056	0.1084897698915833	0.10743973757684831	0.4532698559103643	0.5777524556153528	0.10000000000000003	0.10000000000000003	0.10000000000000003	0.13142890575749508	0.13077721622410987	0.10000000000000003	0.10000000000000003	0.10000000000000003	0.10000000000000003	0.10000000000000003	0.10000000000000003	0.10000000000000003	0.10000000000000003	0.10000000000000003	0.16675673200210056	0.5667567320021005	0.5498753487297381	0.1084418950455881	0.10837217001695888	0.2939327845692743	0.10846765094714868	0.10744353029439835	0.10665864659645759	0.43640411525192907	0.19003287843625505	0.0	0.0	0.0	0.0	0.0	0.0	0.0	0.0	0.0	0.0	0.0	0.0	0.0	0.0	0.0	0.4626317401162794	0.10846951417401583	0.10848286771378157	0.1084285652996298	0.10847072106859772	0.3122295850494733	0.0	0.0	0.0	0.0	0.0	0.0	0.0	0.0	0.0	0.0	0.0	0.0	0.0	0.1	0.1	0.1	0.10728736800402772	0.10729185820527594	0.10852090094600836	0.10853892918369992	0.10849924607751704	0.10841893217305723	0.10847122487122356	0.10745527344916422	0.1066949732390303	0.47930988699255606	0.19305856016113787	0.1	0.1	0.13139999998830443	0.1304999999883043	0.1	0.1	0.1	0.1	0.1	0.1	0.1	0.1	0.1	0.2826261515030546	0.10731476674646477	0.10853958788626217	0.10855140305157372	0.1085172859732345	0.10844370809077367	0.10849439863336811	0.10746537255860394	0.1066979118725617	0.4579976250331068	0.18554412412302249	0.1	0.1	0.13139999998830454	0.13049999998830428	0.1	0.1	0.1	0.1	0.1	0.1	0.1	0.14396106897799832	0.5439610689779983	0.10731228424650052	0.10730520890965836	0.10852943425958989	0.10854145441994005	0.10849700827149406	0.10841782905826405	0.10846689089786514	0.10744084387321544	0.10668754133572957	0.500720876416259	0.18301582896813895	0.1	0.1	0.1	0.09999999999999999	0.1
0.0	0.0	0.0	0.0	0.0	0.0	0.0	0.0	0.0	0.0	0.0	0.0	0.0	0.0	0.0	0.0	0.0	0.19999999999999993	0.19999999999999993	0.0	0.0	0.0	0.0	0.0	0.0	0.0	0.0	0.0	0.0	0.0	0.0	0.0	0.0	0.0	0.0	0.0	0.0	0.0	0.0	0.0	0.20000000000000007	0.20000000000000007	0.16666666666666666	0.0	0.0	0.0	0.0	0.0	0.0	0.0	0.0	0.0	0.0	0.0	0.0	0.0	0.0	0.0	0.0	0.0	0.0	0.0	0.0	0.0	0.0	0.2	0.2	0.09999999999999999	0.1	0.13139999998830643	0.1304999999883063	0.1	0.1	0.1	0.1	0.1	0.1	0.1	0.10000000000000007	0.10000000000000007	0.10000000000000007	0.10721768461293524	0.20000000000000015	0.0	0.0	0.0	0.0	0.20000000000000007	0.10669295280920324	0.10000000000000003	0.13333333333333333	0.1	0.1	0.16666666666666666	0.16666666666666666	0.09999999999999999	0.0	0.0	0.0	0.0	0.0	0.0	0.0	0.0	0.0	0.0	0.0	0.0	0.0	0.0	0.0	0.0	0.0	0.20000000000000015	0.20000000000000015	0.0	0.0	0.0	0.0	0.0	0.0	0.0	0.0	0.0	0.0	0.0	0.0	0.0	0.0	0.0	0.0	0.0	0.0	0.0	0.0	0.0	0.0	0.20000000000000015	0.20000000000000015	0.0	0.0	0.0	0.0	0.0	0.0	0.0	0.0	0.0	0.0	0.0	0.0	0.0	0.0	0.0	0.0	0.0	0.0	0.0	0.0	0.0	0.0	0.2	0.2	0.1	0.1	0.1	0.10000000000000005	0.1
0.0	0.0	0.0	0.0	0.0	0.0	0.0	0.0	0.0	0.0	0.0	0.0	0.0	0.0	0.0	0.0	0.0	0.0	0.0	0.0	0.0	0.0	0.0	0.0	0.0	0.0	0.0	0.0	0.0	0.0	0.0	0.0	0.0	0.0	0.0	0.0	0.0	0.0	0.0	0.0	0.20000000000000007	0.20000000000000007	0.1389203653921236	0.0	0.0	0.0	0.0	0.0	0.0	0.0	0.0	0.0	0.0	0.0	0.0	0.0	0.0	0.0	0.0	0.0	0.0	0.0	0.0	0.0	0.0	0.0	0.0	0.0	0.0	0.0	0.0	0.0	0.0	0.0	0.0	0.0	0.0	0.0	0.0	0.0	0.0	0.0	0.0	0.0	0.0	0.0	0.0	0.0	0.0	0.0	0.14413492645360826	0.1	0.09999999999999999	0.15527357750804724	0.13917383429642202	0.0	0.0	0.0	0.0	0.0	0.0	0.0	0.0	0.0	0.0	0.0	0.0	0.0	0.0	0.0	0.0	0.0	0.0	0.0	0.0	0.0	0.0	0.0	0.0	0.0	0.0	0.0	0.0	0.0	0.0	0.0	0.0	0.0	0.0	0.0	0.0	0.0	0.0	0.0	0.0	0.0	0.0	0.0	0.0	0.0	0.0	0.0	0.0	0.0	0.0	0.0	0.0	0.0	0.0	0.0	0.0	0.0	0.0	0.0	0.0	0.0	0.0	0.0	0.0	0.0	0.0	0.0	0.0	0.0	0.0	0.0	0.0	0.0
0.0	0.0	0.0	0.0	0.0	0.0	0.0	0.0	0.0	0.0	0.0	0.0	0.0	0.0	0.0	0.0	0.0	0.0	0.0	0.0	0.0	0.0	0.0	0.0	0.0	0.0	0.0	0.0	0.0	0.0	0.0	0.0	0.0	0.0	0.0	0.0	0.0	0.0	0.0	0.0	0.0	0.0	0.0	0.0	0.0	0.0	0.0	0.0	0.0	0.0	0.0	0.0	0.0	0.0	0.0	0.0	0.0	0.0	0.0	0.0	0.0	0.0	0.0	0.0	0.0	0.0	0.0	0.0	0.0	0.0	0.0	0.0	0.0	0.0	0.0	0.0	0.0	0.0	0.0	0.0	0.0	0.0	0.0	0.0	0.0	0.0	0.0	0.0	0.0	0.0	0.13333333333333333	0.0	0.0	0.0	0.0	0.0	0.0	0.0	0.0	0.0	0.0	0.0	0.0	0.0	0.0	0.0	0.0	0.0	0.0	0.0	0.0	0.0	0.0	0.0	0.0	0.0	0.0	0.0	0.0	0.0	0.0	0.0	0.0	0.0	0.0	0.0	0.0	0.0	0.0	0.0	0.0	0.0	0.0	0.0	0.0	0.0	0.0	0.0	0.0	0.0	0.0	0.0	0.0	0.0	0.0	0.0	0.0	0.0	0.0	0.0	0.0	0.0	0.0	0.0	0.0	0.0	0.0	0.0	0.0	0.0	0.0	0.0	0.0	0.0	0.0	0.0	0.0	0.0
 
 
list 11: each_sr⁺
0.005510681830251692	0.005914836216991875	0.005897837043230218	0.005949279641318551	0.00600762928336559	0.006146328032626466	0.006898775920308634	0.0	0.0	0.0	0.0	0.0	0.0	0.0	0.0	0.0	0.0	0.0	0.0	0.005965000000000731	0.0061140000000007326	0.0	0.0	0.006250000000000731	0.0055110000000007315	0.005915000000000732	0.005898000000000732	0.005949500000000732	0.0	0.0	0.006899973852946047	0.0	0.0	0.0	0.0	0.0	0.0	0.0	0.0	0.0	0.0	0.0	0.0	0.0	0.0061140000000007326	0.0	0.0	0.006249829684695334	0.005509105535594813	0.005914622359251705	0.0	0.005949489052148646	0.006007744478654847	0.00614569013477237	0.0	0.007346777451073829	0.0	0.0	0.0	0.0	0.0	0.0	0.0	0.0	0.0	0.0	0.0	0.005965000000000731	0.0061140000000007326	0.0	0.0	0.006249999988514419	0.00551099840076465	0.0059149980044868955	0.005897993734993771	0.00594944461502332	0.006005660576562768	0.0061354107852317225	0.006864448699684197	0.007308335201572769	0.007151879398561709	0.0	0.0	0.0	0.0	0.0	0.0	0.0	0.0	0.006252679415709717	0.0	0.0059616812082572855	0.006106420326298037	0.0	0.0	0.006236609610108455	0.005497726785079066	0.0059051639528888014	0.005890250144326988	0.005939757988063501	0.005991927030080049	0.006125855724540952	0.0	0.007378085326238698	0.0	0.0	0.0	0.0	0.0	0.0	0.0	0.0	0.0	0.0	0.0	0.005965000000000731	0.0061140000000007326	0.0	0.0	0.006250000000000731	0.0055110000000007315	0.0	0.005897999970198409	0.0	0.006007664323601359	0.006146850630830149	0.0	0.0	0.0	0.0	0.0	0.0	0.0	0.0	0.0	0.0	0.0	0.0	0.0	0.005965000000000731	0.0061140000000007326	0.0	0.0	0.006250000000000731	0.0055110000000007315	0.005915000000000732	0.005898000000000732	0.0	0.0	0.0	0.0	0.0	0.0	0.0	0.0	0.0	0.0	0.0	0.0	0.0	0.0	0.0	0.00644779276068949	0.00596496592492559	0.00611398015118836	0.0071097354944964115	0.0	0.006249987061757082
0.0	0.0	0.0	0.0	0.0	0.0	0.0	0.0074035256604132	0.007315719592487361	0.007322681911451134	0.008553340704595234	0.0085662462467808	0.008524230595204425	0.008445723574872279	0.008496429594784692	0.0074647174825640565	0.006696781843366974	0.00627911046003213	0.0064459185445516366	0.0	0.0	0.007109750000000802	0.007107500000000711	0.0	0.0	0.0	0.0	0.0	0.0060077500000006445	0.006146494246729306	0.0	0.007399210243962173	0.007292596904533911	0.007319747974720719	0.008540596734879276	0.008560481947142307	0.008529500000022115	0.008450885371490581	0.00848976989158331	0.00743973757684834	0.0066091706340056025	0.0062616029715240416	0.0	0.005965000000000731	0.0	0.007109748193390158	0.007107482673985994	0.0	0.0	0.0	0.005897959852081415	0.0	0.0	0.0	0.006895090763236135	0.0	0.0071853463763162945	0.007170327704249857	0.008386264040704394	0.008441895045588088	0.00837217001695878	0.008273879200964422	0.008467650947148669	0.007443530294398319	0.00665864659645758	0.0062829372427967555	0.006447354195097733	0.0	0.0	0.0	0.0	0.0	0.0	0.0	0.0	0.0	0.0	0.0	0.0	0.0	0.0	0.0	0.008379216766242734	0.008469514174015825	0.008482867713781561	0.008428565299629875	0.008470721068597635	0.007342604400934409	0.0	0.0	0.0	0.0	0.0	0.0	0.0	0.0	0.0	0.0	0.0	0.0	0.0	0.0	0.00687540118674157	0.0	0.007287368004027711	0.0072918582052758875	0.008520900946008325	0.008538929183699917	0.008499246077517064	0.008418932173057257	0.008471224871223574	0.007455273449164251	0.0066949732390303145	0.006280255632062966	0.006447165089989927	0.0	0.0	0.007109750000000733	0.007107500000000732	0.0	0.0	0.005915000000000781	0.0	0.005949490768110577	0.0	0.0	0.006901247578620984	0.007360307305464442	0.007248560865531058	0.00731476674646439	0.008539587886262131	0.00855140305157372	0.008517285973234487	0.008443708090773772	0.008494398633368103	0.007465372558603938	0.006697911872561634	0.006281587648435432	0.00644763474224231	0.0	0.0	0.007109750000000733	0.007107500000000732	0.0	0.0	0.0	0.0	0.005949498203479564	0.006007737350311793	0.006147222711684774	0.006903009935587124	0.007407502433188772	0.007312284246500522	0.00730520890965836	0.008529434259589852	0.00854145441994004	0.008497022422855646	0.008417829058264157	0.008466890897865145	0.007440843873215449	0.006687541335729684	0.0062789174452239855	0.0	0.0	0.0	0.0	0.007107490981538581	0.0
0.0	0.0	0.0	0.0	0.0	0.0	0.0	0.0	0.0	0.0	0.0	0.0	0.0	0.0	0.0	0.0	0.0	0.0	0.0	0.0	0.0	0.0	0.0	0.0	0.0	0.0	0.0	0.0	0.0	0.0	0.0	0.0	0.0	0.0	0.0	0.0	0.0	0.0	0.0	0.0	0.0	0.0	0.0	0.0	0.0	0.0	0.0	0.0	0.0	0.0	0.0	0.0	0.0	0.0	0.0	0.0	0.0	0.0	0.0	0.0	0.0	0.0	0.0	0.0	0.0	0.0	0.0	0.0	0.0	0.007109750000000733	0.007107500000000732	0.0	0.0	0.0	0.0	0.0	0.0	0.0	0.0	0.0	0.0	0.007217684612935182	0.0	0.0	0.0	0.0	0.0	0.0	0.006692952809203202	0.0	0.0	0.0	0.0	0.0	0.0	0.0	0.0	0.0	0.0	0.0	0.0	0.0	0.0	0.0	0.0	0.0	0.0	0.0	0.0	0.0	0.0	0.0	0.0	0.0	0.0	0.0	0.0	0.0	0.0	0.0	0.0	0.0	0.0	0.0	0.0	0.0	0.0	0.0	0.0	0.0	0.0	0.0	0.0	0.0	0.0	0.0	0.0	0.0	0.0	0.0	0.0	0.0	0.0	0.0	0.0	0.0	0.0	0.0	0.0	0.0	0.0	0.0	0.0	0.0	0.0	0.0	0.0	0.0	0.0	0.0	0.0	0.0	0.0	0.0	0.0	0.0	0.0	0.0
0.0	0.0	0.0	0.0	0.0	0.0	0.0	0.0	0.0	0.0	0.0	0.0	0.0	0.0	0.0	0.0	0.0	0.0	0.0	0.0	0.0	0.0	0.0	0.0	0.0	0.0	0.0	0.0	0.0	0.0	0.0	0.0	0.0	0.0	0.0	0.0	0.0	0.0	0.0	0.0	0.0	0.0	0.006446382060496325	0.0	0.0	0.0	0.0	0.0	0.0	0.0	0.0	0.0	0.0	0.0	0.0	0.0	0.0	0.0	0.0	0.0	0.0	0.0	0.0	0.0	0.0	0.0	0.0	0.0	0.0	0.0	0.0	0.0	0.0	0.0	0.0	0.0	0.0	0.0	0.0	0.0	0.0	0.0	0.0	0.0	0.0	0.0	0.0	0.0	0.0	0.0	0.0	0.0	0.0	0.007097841234739082	0.007096541218689801	0.0	0.0	0.0	0.0	0.0	0.0	0.0	0.0	0.0	0.0	0.0	0.0	0.0	0.0	0.0	0.0	0.0	0.0	0.0	0.0	0.0	0.0	0.0	0.0	0.0	0.0	0.0	0.0	0.0	0.0	0.0	0.0	0.0	0.0	0.0	0.0	0.0	0.0	0.0	0.0	0.0	0.0	0.0	0.0	0.0	0.0	0.0	0.0	0.0	0.0	0.0	0.0	0.0	0.0	0.0	0.0	0.0	0.0	0.0	0.0	0.0	0.0	0.0	0.0	0.0	0.0	0.0	0.0	0.0	0.0	0.0	0.0	0.0
0.0	0.0	0.0	0.0	0.0	0.0	0.0	0.0	0.0	0.0	0.0	0.0	0.0	0.0	0.0	0.0	0.0	0.0	0.0	0.0	0.0	0.0	0.0	0.0	0.0	0.0	0.0	0.0	0.0	0.0	0.0	0.0	0.0	0.0	0.0	0.0	0.0	0.0	0.0	0.0	0.0	0.0	0.0	0.0	0.0	0.0	0.0	0.0	0.0	0.0	0.0	0.0	0.0	0.0	0.0	0.0	0.0	0.0	0.0	0.0	0.0	0.0	0.0	0.0	0.0	0.0	0.0	0.0	0.0	0.0	0.0	0.0	0.0	0.0	0.0	0.0	0.0	0.0	0.0	0.0	0.0	0.0	0.0	0.0	0.0	0.0	0.0	0.0	0.0	0.0	0.006438523066139698	0.0	0.0	0.0	0.0	0.0	0.0	0.0	0.0	0.0	0.0	0.0	0.0	0.0	0.0	0.0	0.0	0.0	0.0	0.0	0.0	0.0	0.0	0.0	0.0	0.0	0.0	0.0	0.0	0.0	0.0	0.0	0.0	0.0	0.0	0.0	0.0	0.0	0.0	0.0	0.0	0.0	0.0	0.0	0.0	0.0	0.0	0.0	0.0	0.0	0.0	0.0	0.0	0.0	0.0	0.0	0.0	0.0	0.0	0.0	0.0	0.0	0.0	0.0	0.0	0.0	0.0	0.0	0.0	0.0	0.0	0.0	0.0	0.0	0.0	0.0	0.0	0.0
 
 
list 11: each_sr⁻
0.005510681830251692	0.005914836216991875	0.005897837043230218	0.005949279641318551	0.00600762928336559	0.006146328032626466	0.006898775920308634	0.0	0.0	0.0	0.0	0.0	0.0	0.0	0.0	0.0	0.0	0.0	0.0064459185445516366	0.005965000000000731	0.0061140000000007326	0.0	0.0	0.006250000000000731	0.0055110000000007315	0.005915000000000732	0.005898000000000732	0.005949500000000732	0.006007750000000731	0.006146494246729216	0.006899973852946047	0.0	0.0	0.0	0.0	0.0	0.0	0.0	0.0	0.0	0.0	0.0	0.006446382060496325	0.005965000000000731	0.0061140000000007326	0.007109748193390158	0.007107482673985994	0.006249829684695334	0.005509105535594813	0.005914622359251705	0.005897959852081523	0.005949489052148646	0.006007744478654847	0.00614569013477237	0.006895090763236033	0.007346777451073829	0.0	0.0	0.0	0.0	0.0	0.0	0.0	0.0	0.0	0.0	0.006447354195097733	0.005965000000000731	0.0061140000000007326	0.007109750000000733	0.007107500000000732	0.006249999988514419	0.00551099840076465	0.0059149980044868955	0.005897993734993771	0.00594944461502332	0.006005660576562768	0.0061354107852317225	0.006864448699684197	0.007308335201572769	0.007151879398561709	0.0	0.0	0.0	0.0	0.0	0.0	0.0	0.0	0.006252679415709717	0.006438523066139698	0.0059616812082572855	0.006106420326298037	0.007097841234739082	0.007096541218689808	0.006236609610108455	0.005497726785079066	0.0059051639528888014	0.005890250144326988	0.005939757988063501	0.005991927030080049	0.006125855724540952	0.00687540118674159	0.007378085326238698	0.0	0.0	0.0	0.0	0.0	0.0	0.0	0.0	0.0	0.0	0.006447165089989927	0.005965000000000731	0.0061140000000007326	0.007109750000000733	0.007107500000000732	0.006250000000000731	0.0055110000000007315	0.005915000000000732	0.005897999970198409	0.00594949076811049	0.006007664323601359	0.006146850630830149	0.0069012475786210175	0.007360307305464531	0.0	0.0	0.0	0.0	0.0	0.0	0.0	0.0	0.0	0.0	0.00644763474224231	0.005965000000000731	0.0061140000000007326	0.007109750000000733	0.007107500000000732	0.006250000000000731	0.0055110000000007315	0.005915000000000732	0.005898000000000732	0.005949498203479485	0.006007737350311861	0.006147222711684829	0.00690300993558705	0.0	0.0	0.0	0.0	0.0	0.0	0.0	0.0	0.0	0.0	0.0	0.00644779276068949	0.00596496592492559	0.00611398015118836	0.0071097354944964115	0.007107490981538581	0.006249987061757082
0.0	0.0	0.0	0.0	0.0	0.0	0.0	0.0074035256604132	0.007315719592487349	0.007322681911451225	0.008553340704595217	0.0085662462467808	0.008524230595204425	0.008445723574872338	0.008496429594784695	0.0074647174825640565	0.006696781843366974	0.00627911046003213	0.0	0.0	0.0	0.00710975000000201	0.007107500000001904	0.0	0.0	0.0	0.0	0.0	0.0	0.0	0.0	0.007399210243962199	0.007292596904533911	0.007319747974720719	0.008540596734879214	0.008560481947142307	0.008529500000022115	0.008450885371490581	0.00848976989158331	0.00743973757684834	0.0066091706340056025	0.0	0.0	0.0	0.0	0.0	0.0	0.0	0.0	0.0	0.0	0.0	0.0	0.0	0.0	0.0	0.007185346376316269	0.007170327704249869	0.008386264040704394	0.008441895045588088	0.008372170016958882	0.008273879200964422	0.008467650947148669	0.007443530294398319	0.00665864659645758	0.0062829372427967555	0.0	0.0	0.0	0.0	0.0	0.0	0.0	0.0	0.0	0.0	0.0	0.0	0.0	0.0	0.0	0.0	0.008379216766242734	0.008469514174015825	0.008482867713781561	0.008428565299629797	0.008470721068597635	0.007342604400934409	0.0	0.0	0.0	0.0	0.0	0.0	0.0	0.0	0.0	0.0	0.0	0.0	0.0	0.0	0.0	0.0	0.007287368004027711	0.0072918582052758875	0.008520900946008358	0.00853892918369995	0.008499246077517064	0.008418932173057257	0.008471224871223574	0.007455273449164252	0.0066949732390303145	0.0	0.0	0.0	0.0	0.0	0.0	0.0	0.0	0.0	0.0	0.0	0.0	0.0	0.0	0.0	0.0072485608655311114	0.00731476674646439	0.008539587886262134	0.00855140305157372	0.008517285973234487	0.008443708090773668	0.008494398633368103	0.007465372558603937	0.006697911872561697	0.006281587648435432	0.0	0.0	0.0	0.0	0.0	0.0	0.0	0.0	0.0	0.0	0.0	0.0	0.0	0.007407502433188875	0.007312284246500522	0.00730520890965836	0.008529434259589876	0.00854145441994004	0.008497022422855646	0.008417829058264058	0.008466890897865145	0.007440843873215449	0.006687541335729592	0.0	0.0	0.0	0.0	0.0	0.0	0.0
0.0	0.0	0.0	0.0	0.0	0.0	0.0	0.0	0.0	0.0	0.0	0.0	0.0	0.0	0.0	0.0	0.0	0.0	0.0	0.0	0.0	0.0	0.0	0.0	0.0	0.0	0.0	0.0	0.0	0.0	0.0	0.0	0.0	0.0	0.0	0.0	0.0	0.0	0.0	0.0	0.0	0.0062616029715240416	0.0	0.0	0.0	0.0	0.0	0.0	0.0	0.0	0.0	0.0	0.0	0.0	0.0	0.0	0.0	0.0	0.0	0.0	0.0	0.0	0.0	0.0	0.0	0.0	0.0	0.0	0.0	0.0	0.0	0.0	0.0	0.0	0.0	0.0	0.0	0.0	0.0	0.0	0.0	0.007217684612935168	0.0	0.0	0.0	0.0	0.0	0.0	0.006692952809203202	0.0	0.0	0.0	0.0	0.0	0.0	0.0	0.0	0.0	0.0	0.0	0.0	0.0	0.0	0.0	0.0	0.0	0.0	0.0	0.0	0.0	0.0	0.0	0.0	0.006280255632062971	0.0	0.0	0.0	0.0	0.0	0.0	0.0	0.0	0.0	0.0	0.0	0.0	0.0	0.0	0.0	0.0	0.0	0.0	0.0	0.0	0.0	0.0	0.0	0.0	0.0	0.0	0.0	0.0	0.0	0.0	0.0	0.0	0.0	0.0	0.0	0.0	0.0	0.0	0.0	0.0	0.0	0.0	0.0	0.0	0.0	0.0	0.0	0.0062789174452239855	0.0	0.0	0.0	0.0	0.0	0.0
0.0	0.0	0.0	0.0	0.0	0.0	0.0	0.0	0.0	0.0	0.0	0.0	0.0	0.0	0.0	0.0	0.0	0.0	0.0	0.0	0.0	0.0	0.0	0.0	0.0	0.0	0.0	0.0	0.0	0.0	0.0	0.0	0.0	0.0	0.0	0.0	0.0	0.0	0.0	0.0	0.0	0.0	0.0	0.0	0.0	0.0	0.0	0.0	0.0	0.0	0.0	0.0	0.0	0.0	0.0	0.0	0.0	0.0	0.0	0.0	0.0	0.0	0.0	0.0	0.0	0.0	0.0	0.0	0.0	0.0	0.0	0.0	0.0	0.0	0.0	0.0	0.0	0.0	0.0	0.0	0.0	0.0	0.0	0.0	0.0	0.0	0.0	0.0	0.0	0.0	0.0	0.0	0.0	0.0	0.0	0.0	0.0	0.0	0.0	0.0	0.0	0.0	0.0	0.0	0.0	0.0	0.0	0.0	0.0	0.0	0.0	0.0	0.0	0.0	0.0	0.0	0.0	0.0	0.0	0.0	0.0	0.0	0.0	0.0	0.0	0.0	0.0	0.0	0.0	0.0	0.0	0.0	0.0	0.0	0.0	0.0	0.0	0.0	0.0	0.0	0.0	0.0	0.0	0.0	0.0	0.0	0.0	0.0	0.0	0.0	0.0	0.0	0.0	0.0	0.0	0.0	0.0	0.0	0.0	0.0	0.0	0.0	0.0	0.0	0.0	0.0	0.0	0.0
0.0	0.0	0.0	0.0	0.0	0.0	0.0	0.0	0.0	0.0	0.0	0.0	0.0	0.0	0.0	0.0	0.0	0.0	0.0	0.0	0.0	0.0	0.0	0.0	0.0	0.0	0.0	0.0	0.0	0.0	0.0	0.0	0.0	0.0	0.0	0.0	0.0	0.0	0.0	0.0	0.0	0.0	0.0	0.0	0.0	0.0	0.0	0.0	0.0	0.0	0.0	0.0	0.0	0.0	0.0	0.0	0.0	0.0	0.0	0.0	0.0	0.0	0.0	0.0	0.0	0.0	0.0	0.0	0.0	0.0	0.0	0.0	0.0	0.0	0.0	0.0	0.0	0.0	0.0	0.0	0.0	0.0	0.0	0.0	0.0	0.0	0.0	0.0	0.0	0.0	0.0	0.0	0.0	0.0	0.0	0.0	0.0	0.0	0.0	0.0	0.0	0.0	0.0	0.0	0.0	0.0	0.0	0.0	0.0	0.0	0.0	0.0	0.0	0.0	0.0	0.0	0.0	0.0	0.0	0.0	0.0	0.0	0.0	0.0	0.0	0.0	0.0	0.0	0.0	0.0	0.0	0.0	0.0	0.0	0.0	0.0	0.0	0.0	0.0	0.0	0.0	0.0	0.0	0.0	0.0	0.0	0.0	0.0	0.0	0.0	0.0	0.0	0.0	0.0	0.0	0.0	0.0	0.0	0.0	0.0	0.0	0.0	0.0	0.0	0.0	0.0	0.0	0.0
